0.000000	1.000000	1.000000	0.000000	0.000000
0.010000	0.989990	0.990040	0.010000	0.009950
0.020000	0.980080	0.980179	0.019900	0.019801
0.030000	0.970270	0.970416	0.029701	0.029554
0.040000	0.960557	0.960751	0.039403	0.039210
0.050000	0.950942	0.951182	0.049009	0.048769
0.060000	0.941423	0.941708	0.058518	0.058234
0.070000	0.931999	0.932329	0.067933	0.067604
0.080000	0.922670	0.923043	0.077253	0.076881
0.090000	0.913434	0.913849	0.086479	0.086065
0.100000	0.904291	0.904747	0.095614	0.095158
0.110000	0.895239	0.895736	0.104657	0.104160
0.120000	0.886277	0.886814	0.113609	0.113073
0.130000	0.877406	0.877981	0.122472	0.121897
0.140000	0.868623	0.869237	0.131246	0.130633
0.150000	0.859928	0.860579	0.139932	0.139282
0.160000	0.851320	0.852007	0.148531	0.147845
0.170000	0.842798	0.843521	0.157044	0.156322
0.180000	0.834362	0.835120	0.165472	0.164715
0.190000	0.826010	0.826802	0.173816	0.173025
0.200000	0.817742	0.818567	0.182076	0.181252
0.210000	0.809556	0.810414	0.190254	0.189397
0.220000	0.801452	0.802342	0.198349	0.197460
0.230000	0.793430	0.794351	0.206364	0.205444
0.240000	0.785488	0.786439	0.214298	0.213348
0.250000	0.777625	0.778606	0.222153	0.221173
0.260000	0.769841	0.770851	0.229929	0.228920
0.270000	0.762135	0.763173	0.237628	0.236590
0.280000	0.754506	0.755572	0.245249	0.244184
0.290000	0.746953	0.748047	0.252794	0.251702
0.300000	0.739476	0.740596	0.260263	0.259145
0.310000	0.732074	0.733220	0.267658	0.266514
0.320000	0.724746	0.725917	0.274979	0.273809
0.330000	0.717491	0.718687	0.282226	0.281032
0.340000	0.710309	0.711528	0.289401	0.288183
0.350000	0.703199	0.704441	0.296504	0.295263
0.360000	0.696160	0.697425	0.303536	0.302273
0.370000	0.689191	0.690479	0.310498	0.309212
0.380000	0.682293	0.683602	0.317390	0.316082
0.390000	0.675463	0.676793	0.324213	0.322884
0.400000	0.668702	0.670052	0.330968	0.329618
0.410000	0.662008	0.663378	0.337655	0.336286
0.420000	0.655381	0.656771	0.344275	0.342886
0.430000	0.648821	0.650229	0.350828	0.349421
0.440000	0.642326	0.643753	0.357317	0.355891
0.450000	0.635896	0.637341	0.363740	0.362296
0.460000	0.629531	0.630993	0.370099	0.368638
0.470000	0.623229	0.624709	0.376394	0.374916
0.480000	0.616991	0.618486	0.382626	0.381132
0.490000	0.610815	0.612326	0.388796	0.387286
0.500000	0.604701	0.606227	0.394905	0.393379
0.510000	0.598648	0.600189	0.400952	0.399411
0.520000	0.592655	0.594211	0.406938	0.405383
0.530000	0.586723	0.588293	0.412865	0.411296
0.540000	0.580849	0.582434	0.418732	0.417149
0.550000	0.575035	0.576633	0.424540	0.422944
0.560000	0.569279	0.570889	0.430291	0.428682
0.570000	0.563581	0.565203	0.435983	0.434362
0.580000	0.557939	0.559574	0.441619	0.439986
0.590000	0.552354	0.554000	0.447199	0.445554
0.600000	0.546825	0.548482	0.452722	0.451066
0.610000	0.541351	0.543020	0.458190	0.456524
0.620000	0.535932	0.537611	0.463604	0.461927
0.630000	0.530568	0.532256	0.468963	0.467276
0.640000	0.525257	0.526955	0.474269	0.472572
0.650000	0.519999	0.521707	0.479521	0.477816
0.660000	0.514794	0.516510	0.484721	0.483007
0.670000	0.509641	0.511366	0.489869	0.488146
0.680000	0.504539	0.506273	0.494966	0.493234
0.690000	0.499489	0.501230	0.500011	0.498272
0.700000	0.494489	0.496238	0.505006	0.503259
0.710000	0.489539	0.491295	0.509951	0.508197
0.720000	0.484639	0.486402	0.514846	0.513085
0.730000	0.479788	0.481557	0.519693	0.517925
0.740000	0.474985	0.476761	0.524491	0.522716
0.750000	0.470230	0.472012	0.529240	0.527460
0.760000	0.465523	0.467311	0.533943	0.532157
0.770000	0.460863	0.462657	0.538598	0.536807
0.780000	0.456250	0.458049	0.543207	0.541410
0.790000	0.451683	0.453486	0.547769	0.545968
0.800000	0.447162	0.448970	0.552286	0.550480
0.810000	0.442686	0.444498	0.556758	0.554947
0.820000	0.438254	0.440071	0.561184	0.559370
0.830000	0.433867	0.435688	0.565567	0.563749
0.840000	0.429524	0.431348	0.569906	0.568084
0.850000	0.425225	0.427052	0.574201	0.572376
0.860000	0.420968	0.422798	0.578453	0.576625
0.870000	0.416754	0.418587	0.582663	0.580832
0.880000	0.412583	0.414418	0.586830	0.584997
0.890000	0.408453	0.410290	0.590956	0.589120
0.900000	0.404364	0.406204	0.595041	0.593203
0.910000	0.400317	0.402158	0.599084	0.597245
0.920000	0.396309	0.398153	0.603088	0.601246
0.930000	0.392342	0.394187	0.607051	0.605208
0.940000	0.388415	0.390261	0.610974	0.609130
0.950000	0.384527	0.386374	0.614858	0.613013
0.960000	0.380678	0.382525	0.618704	0.616858
0.970000	0.376867	0.378716	0.622510	0.620664
0.980000	0.373095	0.374943	0.626279	0.624432
0.990000	0.369360	0.371209	0.630010	0.628163
1.000000	0.365663	0.367512	0.633704	0.631856
1.010000	0.362003	0.363851	0.637360	0.635513
1.020000	0.358379	0.360227	0.640980	0.639134
1.030000	0.354791	0.356639	0.644564	0.642718
1.040000	0.351240	0.353087	0.648112	0.646266
1.050000	0.347724	0.349571	0.651624	0.649780
1.060000	0.344243	0.346089	0.655101	0.653258
1.070000	0.340798	0.342642	0.658544	0.656702
1.080000	0.337386	0.339229	0.661952	0.660111
1.090000	0.334009	0.335850	0.665326	0.663486
1.100000	0.330665	0.332505	0.668666	0.666828
1.110000	0.327356	0.329193	0.671973	0.670137
1.120000	0.324079	0.325915	0.675246	0.673412
1.130000	0.320835	0.322668	0.678487	0.676655
1.140000	0.317623	0.319455	0.681695	0.679865
1.150000	0.314444	0.316273	0.684871	0.683044
1.160000	0.311296	0.313123	0.688016	0.686191
1.170000	0.308180	0.310004	0.691129	0.689307
1.180000	0.305095	0.306916	0.694211	0.692391
1.190000	0.302041	0.303859	0.697262	0.695445
1.200000	0.299018	0.300833	0.700282	0.698469
1.210000	0.296025	0.297837	0.703272	0.701462
1.220000	0.293061	0.294870	0.706232	0.704425
1.230000	0.290128	0.291933	0.709163	0.707359
1.240000	0.287224	0.289026	0.712064	0.710264
1.250000	0.284349	0.286147	0.714937	0.713140
1.260000	0.281502	0.283297	0.717780	0.715987
1.270000	0.278684	0.280475	0.720595	0.718806
1.280000	0.275895	0.277682	0.723382	0.721597
1.290000	0.273133	0.274916	0.726141	0.724360
1.300000	0.270399	0.272178	0.728872	0.727095
1.310000	0.267692	0.269467	0.731576	0.729803
1.320000	0.265013	0.266783	0.734253	0.732485
1.330000	0.262360	0.264126	0.736903	0.735139
1.340000	0.259734	0.261495	0.739527	0.737767
1.350000	0.257134	0.258891	0.742124	0.740369
1.360000	0.254560	0.256312	0.744695	0.742945
1.370000	0.252012	0.253759	0.747241	0.745495
1.380000	0.249489	0.251232	0.749761	0.748020
1.390000	0.246992	0.248729	0.752256	0.750520
1.400000	0.244519	0.246252	0.754726	0.752995
1.410000	0.242072	0.243799	0.757171	0.755445
1.420000	0.239648	0.241371	0.759592	0.757871
1.430000	0.237250	0.238967	0.761988	0.760273
1.440000	0.234875	0.236587	0.764361	0.762651
1.450000	0.232524	0.234230	0.766710	0.765005
1.460000	0.230196	0.231897	0.769035	0.767335
1.470000	0.227892	0.229588	0.771337	0.769643
1.480000	0.225611	0.227301	0.773616	0.771927
1.490000	0.223352	0.225037	0.775872	0.774189
1.500000	0.221117	0.222796	0.778105	0.776428
1.510000	0.218903	0.220577	0.780317	0.778645
1.520000	0.216712	0.218380	0.782506	0.780839
1.530000	0.214543	0.216205	0.784673	0.783012
1.540000	0.212395	0.214051	0.786818	0.785164
1.550000	0.210269	0.211919	0.788942	0.787293
1.560000	0.208164	0.209809	0.791045	0.789402
1.570000	0.206080	0.207719	0.793126	0.791490
1.580000	0.204018	0.205650	0.795187	0.793557
1.590000	0.201975	0.203602	0.797227	0.795603
1.600000	0.199954	0.201574	0.799247	0.797629
1.610000	0.197952	0.199566	0.801247	0.799634
1.620000	0.195971	0.197578	0.803226	0.801620
1.630000	0.194009	0.195610	0.805186	0.803586
1.640000	0.192067	0.193662	0.807126	0.805532
1.650000	0.190144	0.191733	0.809047	0.807459
1.660000	0.188241	0.189824	0.810948	0.809367
1.670000	0.186357	0.187933	0.812831	0.811256
1.680000	0.184491	0.186061	0.814694	0.813126
1.690000	0.182644	0.184208	0.816539	0.814977
1.700000	0.180816	0.182373	0.818365	0.816810
1.710000	0.179006	0.180557	0.820174	0.818625
1.720000	0.177214	0.178758	0.821964	0.820421
1.730000	0.175440	0.176978	0.823736	0.822200
1.740000	0.173684	0.175215	0.825490	0.823961
1.750000	0.171946	0.173470	0.827227	0.825704
1.760000	0.170225	0.171742	0.828947	0.827430
1.770000	0.168521	0.170032	0.830649	0.829139
1.780000	0.166834	0.168338	0.832334	0.830831
1.790000	0.165164	0.166662	0.834002	0.832506
1.800000	0.163510	0.165002	0.835654	0.834164
1.810000	0.161874	0.163358	0.837289	0.835806
1.820000	0.160253	0.161731	0.838908	0.837431
1.830000	0.158649	0.160120	0.840510	0.839041
1.840000	0.157061	0.158525	0.842097	0.840634
1.850000	0.155489	0.156947	0.843667	0.842211
1.860000	0.153932	0.155383	0.845222	0.843773
1.870000	0.152392	0.153836	0.846762	0.845319
1.880000	0.150866	0.152304	0.848286	0.846850
1.890000	0.149356	0.150787	0.849794	0.848365
1.900000	0.147861	0.149285	0.851288	0.849865
1.910000	0.146381	0.147798	0.852766	0.851351
1.920000	0.144916	0.146326	0.854230	0.852821
1.930000	0.143465	0.144868	0.855679	0.854277
1.940000	0.142029	0.143425	0.857114	0.855719
1.950000	0.140607	0.141997	0.858534	0.857146
1.960000	0.139200	0.140583	0.859940	0.858559
1.970000	0.137806	0.139182	0.861332	0.859958
1.980000	0.136427	0.137796	0.862710	0.861343
1.990000	0.135061	0.136424	0.864075	0.862714
2.000000	0.133709	0.135065	0.865425	0.864071
2.010000	0.132371	0.133720	0.866762	0.865415
2.020000	0.131046	0.132388	0.868086	0.866745
2.030000	0.129734	0.131069	0.869397	0.868063
2.040000	0.128435	0.129764	0.870694	0.869367
2.050000	0.127150	0.128471	0.871978	0.870658
2.060000	0.125877	0.127192	0.873250	0.871936
2.070000	0.124617	0.125925	0.874509	0.873202
2.080000	0.123370	0.124671	0.875755	0.874455
2.090000	0.122135	0.123429	0.876988	0.875695
2.100000	0.120912	0.122200	0.878210	0.876924
2.110000	0.119702	0.120982	0.879419	0.878139
2.120000	0.118504	0.119777	0.880616	0.879343
2.130000	0.117317	0.118584	0.881801	0.880535
2.140000	0.116143	0.117403	0.882974	0.881715
2.150000	0.114980	0.116234	0.884136	0.882883
2.160000	0.113829	0.115076	0.885285	0.884040
2.170000	0.112690	0.113930	0.886424	0.885185
2.180000	0.111562	0.112795	0.887551	0.886318
2.190000	0.110445	0.111672	0.888666	0.887441
2.200000	0.109340	0.110560	0.889771	0.888552
2.210000	0.108245	0.109458	0.890864	0.889652
2.220000	0.107162	0.108368	0.891946	0.890741
2.230000	0.106089	0.107289	0.893018	0.891819
2.240000	0.105027	0.106220	0.894079	0.892887
2.250000	0.103976	0.105162	0.895129	0.893944
2.260000	0.102935	0.104115	0.896169	0.894990
2.270000	0.101904	0.103078	0.897198	0.896026
2.280000	0.100884	0.102051	0.898217	0.897052
2.290000	0.099875	0.101035	0.899226	0.898067
2.300000	0.098875	0.100029	0.900225	0.899072
2.310000	0.097885	0.099032	0.901214	0.900068
2.320000	0.096905	0.098046	0.902193	0.901053
2.330000	0.095935	0.097069	0.903162	0.902029
2.340000	0.094975	0.096102	0.904121	0.902995
2.350000	0.094024	0.095145	0.905071	0.903951
2.360000	0.093083	0.094198	0.906011	0.904897
2.370000	0.092151	0.093259	0.906942	0.905835
2.380000	0.091229	0.092331	0.907863	0.906763
2.390000	0.090316	0.091411	0.908776	0.907681
2.400000	0.089412	0.090500	0.909679	0.908591
2.410000	0.088517	0.089599	0.910573	0.909491
2.420000	0.087631	0.088707	0.911458	0.910383
2.430000	0.086753	0.087823	0.912334	0.911266
2.440000	0.085885	0.086948	0.913202	0.912139
2.450000	0.085025	0.086082	0.914061	0.913005
2.460000	0.084174	0.085225	0.914911	0.913861
2.470000	0.083332	0.084376	0.915753	0.914709
2.480000	0.082497	0.083536	0.916586	0.915549
2.490000	0.081672	0.082704	0.917411	0.916380
2.500000	0.080854	0.081880	0.918228	0.917203
2.510000	0.080045	0.081065	0.919036	0.918017
2.520000	0.079243	0.080257	0.919837	0.918824
2.530000	0.078450	0.079458	0.920629	0.919623
2.540000	0.077665	0.078666	0.921414	0.920413
2.550000	0.076888	0.077883	0.922190	0.921196
2.560000	0.076118	0.077107	0.922959	0.921971
2.570000	0.075356	0.076339	0.923720	0.922738
2.580000	0.074602	0.075579	0.924474	0.923498
2.590000	0.073855	0.074826	0.925220	0.924250
2.600000	0.073116	0.074081	0.925958	0.924994
2.610000	0.072384	0.073343	0.926690	0.925731
2.620000	0.071659	0.072612	0.927413	0.926461
2.630000	0.070942	0.071889	0.928130	0.927184
2.640000	0.070232	0.071173	0.928839	0.927899
2.650000	0.069529	0.070464	0.929542	0.928607
2.660000	0.068833	0.069762	0.930237	0.929308
2.670000	0.068144	0.069068	0.930925	0.930002
2.680000	0.067462	0.068380	0.931607	0.930690
2.690000	0.066786	0.067699	0.932281	0.931370
2.700000	0.066118	0.067024	0.932949	0.932044
2.710000	0.065456	0.066357	0.933610	0.932711
2.720000	0.064801	0.065696	0.934265	0.933371
2.730000	0.064152	0.065041	0.934913	0.934024
2.740000	0.063510	0.064394	0.935555	0.934672
2.750000	0.062874	0.063752	0.936190	0.935312
2.760000	0.062245	0.063117	0.936818	0.935947
2.770000	0.061622	0.062489	0.937441	0.936575
2.780000	0.061005	0.061866	0.938057	0.937197
2.790000	0.060394	0.061250	0.938667	0.937812
2.800000	0.059790	0.060640	0.939271	0.938422
2.810000	0.059191	0.060036	0.939869	0.939025
2.820000	0.058599	0.059438	0.940461	0.939622
2.830000	0.058012	0.058846	0.941047	0.940214
2.840000	0.057431	0.058260	0.941627	0.940799
2.850000	0.056857	0.057680	0.942201	0.941379
2.860000	0.056287	0.057105	0.942770	0.941953
2.870000	0.055724	0.056536	0.943333	0.942521
2.880000	0.055166	0.055973	0.943890	0.943084
2.890000	0.054614	0.055416	0.944442	0.943641
2.900000	0.054067	0.054864	0.944988	0.944192
2.910000	0.053526	0.054317	0.945528	0.944738
2.920000	0.052990	0.053776	0.946064	0.945278
2.930000	0.052460	0.053241	0.946594	0.945813
2.940000	0.051935	0.052711	0.947118	0.946343
2.950000	0.051415	0.052186	0.947638	0.946868
2.960000	0.050900	0.051666	0.948152	0.947387
2.970000	0.050391	0.051151	0.948661	0.947901
2.980000	0.049886	0.050642	0.949165	0.948410
2.990000	0.049387	0.050137	0.949663	0.948914
3.000000	0.048893	0.049638	0.950157	0.949413
3.010000	0.048403	0.049144	0.950646	0.949907
3.020000	0.047919	0.048654	0.951130	0.950396
3.030000	0.047439	0.048169	0.951609	0.950880
3.040000	0.046964	0.047690	0.952084	0.951359
3.050000	0.046494	0.047215	0.952554	0.951833
3.060000	0.046029	0.046744	0.953018	0.952303
3.070000	0.045568	0.046279	0.953479	0.952768
3.080000	0.045112	0.045818	0.953934	0.953229
3.090000	0.044660	0.045362	0.954386	0.953685
3.100000	0.044213	0.044910	0.954832	0.954136
3.110000	0.043770	0.044462	0.955274	0.954583
3.120000	0.043332	0.044020	0.955712	0.955025
3.130000	0.042899	0.043581	0.956145	0.955463
3.140000	0.042469	0.043147	0.956574	0.955897
3.150000	0.042044	0.042717	0.956999	0.956326
3.160000	0.041623	0.042292	0.957419	0.956751
3.170000	0.041207	0.041871	0.957836	0.957172
3.180000	0.040794	0.041454	0.958248	0.957589
3.190000	0.040386	0.041041	0.958656	0.958001
3.200000	0.039981	0.040632	0.959059	0.958410
3.210000	0.039581	0.040227	0.959459	0.958814
3.220000	0.039185	0.039827	0.959855	0.959214
3.230000	0.038793	0.039430	0.960247	0.959610
3.240000	0.038404	0.039037	0.960635	0.960003
3.250000	0.038020	0.038648	0.961019	0.960391
3.260000	0.037639	0.038263	0.961399	0.960776
3.270000	0.037263	0.037882	0.961776	0.961156
3.280000	0.036890	0.037505	0.962148	0.961533
3.290000	0.036520	0.037131	0.962517	0.961907
3.300000	0.036155	0.036762	0.962882	0.962276
3.310000	0.035793	0.036396	0.963244	0.962642
3.320000	0.035435	0.036033	0.963602	0.963004
3.330000	0.035080	0.035674	0.963956	0.963363
3.340000	0.034729	0.035319	0.964307	0.963717
3.350000	0.034381	0.034967	0.964654	0.964069
3.360000	0.034037	0.034619	0.964998	0.964417
3.370000	0.033696	0.034274	0.965338	0.964761
3.380000	0.033359	0.033933	0.965675	0.965102
3.390000	0.033025	0.033595	0.966009	0.965440
3.400000	0.032694	0.033260	0.966339	0.965774
3.410000	0.032367	0.032929	0.966666	0.966105
3.420000	0.032043	0.032601	0.966990	0.966433
3.430000	0.031722	0.032276	0.967310	0.966757
3.440000	0.031405	0.031955	0.967627	0.967078
3.450000	0.031091	0.031636	0.967941	0.967396
3.460000	0.030779	0.031321	0.968252	0.967711
3.470000	0.030471	0.031009	0.968560	0.968023
3.480000	0.030166	0.030700	0.968865	0.968331
3.490000	0.029864	0.030395	0.969167	0.968637
3.500000	0.029565	0.030092	0.969465	0.968939
3.510000	0.029269	0.029792	0.969761	0.969239
3.520000	0.028976	0.029495	0.970054	0.969535
3.530000	0.028686	0.029202	0.970343	0.969829
3.540000	0.028399	0.028911	0.970630	0.970119
3.550000	0.028115	0.028623	0.970914	0.970407
3.560000	0.027833	0.028338	0.971195	0.970692
3.570000	0.027555	0.028056	0.971474	0.970974
3.580000	0.027279	0.027776	0.971749	0.971253
3.590000	0.027006	0.027499	0.972022	0.971529
3.600000	0.026736	0.027226	0.972292	0.971803
3.610000	0.026468	0.026954	0.972559	0.972074
3.620000	0.026203	0.026686	0.972824	0.972342
3.630000	0.025941	0.026420	0.973086	0.972607
3.640000	0.025681	0.026157	0.973346	0.972870
3.650000	0.025424	0.025896	0.973602	0.973130
3.660000	0.025170	0.025639	0.973857	0.973388
3.670000	0.024918	0.025383	0.974108	0.973643
3.680000	0.024668	0.025130	0.974357	0.973896
3.690000	0.024421	0.024880	0.974604	0.974146
3.700000	0.024177	0.024632	0.974848	0.974393
3.710000	0.023935	0.024387	0.975090	0.974638
3.720000	0.023695	0.024144	0.975329	0.974881
3.730000	0.023458	0.023904	0.975566	0.975121
3.740000	0.023223	0.023665	0.975801	0.975359
3.750000	0.022991	0.023430	0.976033	0.975595
3.760000	0.022761	0.023196	0.976263	0.975828
3.770000	0.022533	0.022965	0.976491	0.976059
3.780000	0.022307	0.022737	0.976716	0.976287
3.790000	0.022084	0.022510	0.976939	0.976513
3.800000	0.021863	0.022286	0.977160	0.976737
3.810000	0.021644	0.022064	0.977379	0.976959
3.820000	0.021427	0.021844	0.977595	0.977179
3.830000	0.021213	0.021627	0.977809	0.977396
3.840000	0.021001	0.021411	0.978021	0.977611
3.850000	0.020790	0.021198	0.978231	0.977824
3.860000	0.020582	0.020987	0.978439	0.978035
3.870000	0.020376	0.020778	0.978645	0.978244
3.880000	0.020172	0.020571	0.978849	0.978451
3.890000	0.019970	0.020366	0.979051	0.978655
3.900000	0.019770	0.020163	0.979250	0.978858
3.910000	0.019572	0.019962	0.979448	0.979059
3.920000	0.019377	0.019763	0.979644	0.979257
3.930000	0.019183	0.019567	0.979838	0.979454
3.940000	0.018991	0.019372	0.980029	0.979649
3.950000	0.018800	0.019179	0.980219	0.979841
3.960000	0.018612	0.018988	0.980407	0.980032
3.970000	0.018426	0.018799	0.980593	0.980221
3.980000	0.018242	0.018611	0.980778	0.980408
3.990000	0.018059	0.018426	0.980960	0.980593
4.000000	0.017878	0.018243	0.981141	0.980777
4.010000	0.017699	0.018061	0.981319	0.980958
4.020000	0.017522	0.017881	0.981496	0.981138
4.030000	0.017347	0.017703	0.981672	0.981316
4.040000	0.017173	0.017527	0.981845	0.981492
4.050000	0.017001	0.017352	0.982017	0.981666
4.060000	0.016831	0.017179	0.982187	0.981839
4.070000	0.016662	0.017008	0.982355	0.982010
4.080000	0.016496	0.016839	0.982522	0.982179
4.090000	0.016331	0.016671	0.982687	0.982347
4.100000	0.016167	0.016505	0.982850	0.982513
4.110000	0.016005	0.016340	0.983012	0.982677
4.120000	0.015845	0.016178	0.983172	0.982839
4.130000	0.015686	0.016017	0.983330	0.983000
4.140000	0.015529	0.015857	0.983487	0.983160
4.150000	0.015374	0.015699	0.983642	0.983318
4.160000	0.015220	0.015543	0.983796	0.983474
4.170000	0.015068	0.015388	0.983948	0.983628
4.180000	0.014917	0.015235	0.984099	0.983782
4.190000	0.014768	0.015083	0.984248	0.983933
4.200000	0.014620	0.014933	0.984396	0.984083
4.210000	0.014473	0.014784	0.984542	0.984232
4.220000	0.014329	0.014637	0.984687	0.984379
4.230000	0.014185	0.014491	0.984830	0.984525
4.240000	0.014043	0.014347	0.984972	0.984669
4.250000	0.013903	0.014204	0.985112	0.984811
4.260000	0.013763	0.014062	0.985251	0.984953
4.270000	0.013626	0.013922	0.985389	0.985093
4.280000	0.013489	0.013784	0.985525	0.985231
4.290000	0.013354	0.013646	0.985660	0.985368
4.300000	0.013220	0.013510	0.985794	0.985504
4.310000	0.013088	0.013376	0.985926	0.985639
4.320000	0.012957	0.013243	0.986057	0.985772
4.330000	0.012827	0.013111	0.986186	0.985903
4.340000	0.012699	0.012980	0.986315	0.986034
4.350000	0.012572	0.012851	0.986442	0.986163
4.360000	0.012446	0.012723	0.986567	0.986291
4.370000	0.012321	0.012596	0.986692	0.986418
4.380000	0.012198	0.012471	0.986815	0.986543
4.390000	0.012076	0.012346	0.986937	0.986667
4.400000	0.011955	0.012223	0.987058	0.986790
4.410000	0.011835	0.012102	0.987177	0.986911
4.420000	0.011717	0.011981	0.987296	0.987032
4.430000	0.011600	0.011862	0.987413	0.987151
4.440000	0.011484	0.011744	0.987529	0.987269
4.450000	0.011369	0.011627	0.987644	0.987386
4.460000	0.011255	0.011511	0.987757	0.987502
4.470000	0.011142	0.011396	0.987870	0.987616
4.480000	0.011031	0.011283	0.987981	0.987730
4.490000	0.010920	0.011170	0.988092	0.987842
4.500000	0.010811	0.011059	0.988201	0.987953
4.510000	0.010703	0.010949	0.988309	0.988063
4.520000	0.010596	0.010840	0.988416	0.988172
4.530000	0.010490	0.010732	0.988522	0.988280
4.540000	0.010385	0.010625	0.988627	0.988387
4.550000	0.010281	0.010519	0.988731	0.988492
4.560000	0.010178	0.010414	0.988833	0.988597
4.570000	0.010076	0.010311	0.988935	0.988701
4.580000	0.009975	0.010208	0.989036	0.988803
4.590000	0.009875	0.010106	0.989136	0.988905
4.600000	0.009776	0.010006	0.989235	0.989005
4.610000	0.009678	0.009906	0.989332	0.989105
4.620000	0.009581	0.009807	0.989429	0.989203
4.630000	0.009486	0.009710	0.989525	0.989301
4.640000	0.009391	0.009613	0.989620	0.989398
4.650000	0.009297	0.009517	0.989714	0.989493
4.660000	0.009204	0.009422	0.989807	0.989588
4.670000	0.009111	0.009329	0.989899	0.989682
4.680000	0.009020	0.009236	0.989990	0.989775
4.690000	0.008930	0.009144	0.990080	0.989866
4.700000	0.008841	0.009053	0.990169	0.989957
4.710000	0.008752	0.008962	0.990258	0.990047
4.720000	0.008664	0.008873	0.990345	0.990137
4.730000	0.008578	0.008785	0.990432	0.990225
4.740000	0.008492	0.008697	0.990518	0.990312
4.750000	0.008407	0.008611	0.990603	0.990399
4.760000	0.008323	0.008525	0.990687	0.990485
4.770000	0.008239	0.008440	0.990770	0.990569
4.780000	0.008157	0.008356	0.990852	0.990653
4.790000	0.008075	0.008273	0.990934	0.990737
4.800000	0.007994	0.008190	0.991015	0.990819
4.810000	0.007914	0.008109	0.991094	0.990900
4.820000	0.007835	0.008028	0.991174	0.990981
4.830000	0.007757	0.007948	0.991252	0.991061
4.840000	0.007679	0.007869	0.991330	0.991140
4.850000	0.007602	0.007791	0.991406	0.991218
4.860000	0.007526	0.007713	0.991482	0.991296
4.870000	0.007451	0.007636	0.991558	0.991373
4.880000	0.007376	0.007560	0.991632	0.991449
4.890000	0.007302	0.007485	0.991706	0.991524
4.900000	0.007229	0.007410	0.991779	0.991598
4.910000	0.007157	0.007336	0.991851	0.991672
4.920000	0.007085	0.007263	0.991923	0.991745
4.930000	0.007014	0.007191	0.991994	0.991817
4.940000	0.006944	0.007119	0.992064	0.991889
4.950000	0.006875	0.007048	0.992133	0.991960
4.960000	0.006806	0.006978	0.992202	0.992030
4.970000	0.006738	0.006909	0.992270	0.992099
4.980000	0.006670	0.006840	0.992337	0.992168
4.990000	0.006603	0.006772	0.992404	0.992236
5.000000	0.006537	0.006704	0.992470	0.992303
5.010000	0.006472	0.006638	0.992536	0.992370
5.020000	0.006407	0.006571	0.992600	0.992436
5.030000	0.006343	0.006506	0.992664	0.992501
5.040000	0.006280	0.006441	0.992728	0.992566
5.050000	0.006217	0.006377	0.992791	0.992630
5.060000	0.006154	0.006314	0.992853	0.992694
5.070000	0.006093	0.006251	0.992914	0.992757
5.080000	0.006032	0.006188	0.992975	0.992819
5.090000	0.005971	0.006127	0.993035	0.992880
5.100000	0.005912	0.006066	0.993095	0.992941
5.110000	0.005853	0.006005	0.993154	0.993002
5.120000	0.005794	0.005946	0.993213	0.993061
5.130000	0.005736	0.005886	0.993271	0.993121
5.140000	0.005679	0.005828	0.993328	0.993179
5.150000	0.005622	0.005770	0.993385	0.993237
5.160000	0.005565	0.005712	0.993441	0.993295
5.170000	0.005510	0.005655	0.993497	0.993351
5.180000	0.005455	0.005599	0.993552	0.993408
5.190000	0.005400	0.005543	0.993606	0.993463
5.200000	0.005346	0.005488	0.993660	0.993519
5.210000	0.005292	0.005433	0.993714	0.993573
5.220000	0.005239	0.005379	0.993767	0.993627
5.230000	0.005187	0.005326	0.993819	0.993681
5.240000	0.005135	0.005273	0.993871	0.993734
5.250000	0.005084	0.005220	0.993922	0.993786
5.260000	0.005033	0.005168	0.993973	0.993838
5.270000	0.004982	0.005117	0.994024	0.993890
5.280000	0.004932	0.005066	0.994073	0.993940
5.290000	0.004883	0.005015	0.994123	0.993991
5.300000	0.004834	0.004965	0.994172	0.994041
5.310000	0.004786	0.004916	0.994220	0.994090
5.320000	0.004738	0.004867	0.994268	0.994139
5.330000	0.004691	0.004818	0.994315	0.994187
5.340000	0.004644	0.004770	0.994362	0.994235
5.350000	0.004597	0.004723	0.994409	0.994283
5.360000	0.004551	0.004676	0.994454	0.994330
5.370000	0.004506	0.004629	0.994500	0.994376
5.380000	0.004460	0.004583	0.994545	0.994422
5.390000	0.004416	0.004537	0.994590	0.994468
5.400000	0.004372	0.004492	0.994634	0.994513
5.410000	0.004328	0.004448	0.994678	0.994558
5.420000	0.004284	0.004403	0.994721	0.994602
5.430000	0.004242	0.004359	0.994764	0.994646
5.440000	0.004199	0.004316	0.994806	0.994689
5.450000	0.004157	0.004273	0.994848	0.994732
5.460000	0.004115	0.004230	0.994890	0.994775
5.470000	0.004074	0.004188	0.994931	0.994817
5.480000	0.004034	0.004147	0.994972	0.994859
5.490000	0.003993	0.004105	0.995012	0.994900
5.500000	0.003953	0.004064	0.995052	0.994941
5.510000	0.003914	0.004024	0.995091	0.994981
5.520000	0.003874	0.003984	0.995130	0.995021
5.530000	0.003836	0.003944	0.995169	0.995061
5.540000	0.003797	0.003905	0.995208	0.995100
5.550000	0.003759	0.003866	0.995246	0.995139
5.560000	0.003722	0.003827	0.995283	0.995177
5.570000	0.003684	0.003789	0.995320	0.995215
5.580000	0.003647	0.003752	0.995357	0.995253
5.590000	0.003611	0.003714	0.995394	0.995291
5.600000	0.003575	0.003677	0.995430	0.995327
5.610000	0.003539	0.003641	0.995466	0.995364
5.620000	0.003504	0.003604	0.995501	0.995400
5.630000	0.003469	0.003568	0.995536	0.995436
5.640000	0.003434	0.003533	0.995571	0.995472
5.650000	0.003399	0.003498	0.995605	0.995507
5.660000	0.003365	0.003463	0.995639	0.995542
5.670000	0.003332	0.003428	0.995673	0.995576
5.680000	0.003298	0.003394	0.995706	0.995610
5.690000	0.003265	0.003360	0.995739	0.995644
5.700000	0.003233	0.003327	0.995772	0.995677
5.710000	0.003200	0.003294	0.995804	0.995710
5.720000	0.003168	0.003261	0.995836	0.995743
5.730000	0.003137	0.003229	0.995868	0.995776
5.740000	0.003105	0.003196	0.995899	0.995808
5.750000	0.003074	0.003165	0.995930	0.995840
5.760000	0.003043	0.003133	0.995961	0.995871
5.770000	0.003013	0.003102	0.995991	0.995902
5.780000	0.002983	0.003071	0.996021	0.995933
5.790000	0.002953	0.003040	0.996051	0.995964
5.800000	0.002923	0.003010	0.996081	0.995994
5.810000	0.002894	0.002980	0.996110	0.996024
5.820000	0.002865	0.002950	0.996139	0.996054
5.830000	0.002836	0.002921	0.996167	0.996083
5.840000	0.002808	0.002892	0.996196	0.996112
5.850000	0.002780	0.002863	0.996224	0.996141
5.860000	0.002752	0.002835	0.996252	0.996169
5.870000	0.002724	0.002806	0.996279	0.996197
5.880000	0.002697	0.002778	0.996306	0.996225
5.890000	0.002670	0.002751	0.996333	0.996253
5.900000	0.002643	0.002723	0.996360	0.996280
5.910000	0.002617	0.002696	0.996387	0.996307
5.920000	0.002591	0.002669	0.996413	0.996334
5.930000	0.002565	0.002643	0.996439	0.996361
5.940000	0.002539	0.002616	0.996464	0.996387
5.950000	0.002514	0.002590	0.996490	0.996413
5.960000	0.002489	0.002565	0.996515	0.996439
5.970000	0.002464	0.002539	0.996540	0.996464
5.980000	0.002439	0.002514	0.996564	0.996490
5.990000	0.002415	0.002489	0.996589	0.996515
6.000000	0.002390	0.002464	0.996613	0.996540
6.010000	0.002367	0.002439	0.996637	0.996564
6.020000	0.002343	0.002415	0.996660	0.996588
6.030000	0.002319	0.002391	0.996684	0.996612
6.040000	0.002296	0.002367	0.996707	0.996636
6.050000	0.002273	0.002344	0.996730	0.996660
6.060000	0.002250	0.002320	0.996753	0.996683
6.070000	0.002228	0.002297	0.996775	0.996706
6.080000	0.002206	0.002274	0.996798	0.996729
6.090000	0.002184	0.002252	0.996820	0.996752
6.100000	0.002162	0.002229	0.996841	0.996774
6.110000	0.002140	0.002207	0.996863	0.996796
6.120000	0.002119	0.002185	0.996884	0.996818
6.130000	0.002097	0.002163	0.996906	0.996840
6.140000	0.002076	0.002142	0.996927	0.996861
6.150000	0.002056	0.002120	0.996947	0.996883
6.160000	0.002035	0.002099	0.996968	0.996904
6.170000	0.002015	0.002078	0.996988	0.996925
6.180000	0.001995	0.002058	0.997008	0.996945
6.190000	0.001975	0.002037	0.997028	0.996966
6.200000	0.001955	0.002017	0.997048	0.996986
6.210000	0.001935	0.001997	0.997068	0.997006
6.220000	0.001916	0.001977	0.997087	0.997026
6.230000	0.001897	0.001957	0.997106	0.997046
6.240000	0.001878	0.001938	0.997125	0.997065
6.250000	0.001859	0.001918	0.997144	0.997084
6.260000	0.001840	0.001899	0.997163	0.997104
6.270000	0.001822	0.001880	0.997181	0.997122
6.280000	0.001804	0.001862	0.997199	0.997141
6.290000	0.001786	0.001843	0.997217	0.997160
6.300000	0.001768	0.001825	0.997235	0.997178
6.310000	0.001750	0.001807	0.997253	0.997196
6.320000	0.001732	0.001789	0.997270	0.997214
6.330000	0.001715	0.001771	0.997288	0.997232
6.340000	0.001698	0.001753	0.997305	0.997250
6.350000	0.001681	0.001736	0.997322	0.997267
6.360000	0.001664	0.001718	0.997339	0.997284
6.370000	0.001647	0.001701	0.997355	0.997301
6.380000	0.001631	0.001684	0.997372	0.997318
6.390000	0.001615	0.001668	0.997388	0.997335
6.400000	0.001599	0.001651	0.997404	0.997352
6.410000	0.001583	0.001635	0.997420	0.997368
6.420000	0.001567	0.001618	0.997436	0.997384
6.430000	0.001551	0.001602	0.997452	0.997400
6.440000	0.001535	0.001586	0.997467	0.997416
6.450000	0.001520	0.001570	0.997482	0.997432
6.460000	0.001505	0.001555	0.997498	0.997448
6.470000	0.001490	0.001539	0.997513	0.997463
6.480000	0.001475	0.001524	0.997528	0.997479
6.490000	0.001460	0.001509	0.997542	0.997494
6.500000	0.001446	0.001494	0.997557	0.997509
6.510000	0.001431	0.001479	0.997571	0.997524
6.520000	0.001417	0.001464	0.997586	0.997538
6.530000	0.001403	0.001450	0.997600	0.997553
6.540000	0.001389	0.001435	0.997614	0.997567
6.550000	0.001375	0.001421	0.997628	0.997582
6.560000	0.001361	0.001407	0.997642	0.997596
6.570000	0.001347	0.001393	0.997655	0.997610
6.580000	0.001334	0.001379	0.997669	0.997624
6.590000	0.001320	0.001365	0.997682	0.997637
6.600000	0.001307	0.001351	0.997695	0.997651
6.610000	0.001294	0.001338	0.997708	0.997664
6.620000	0.001281	0.001325	0.997721	0.997678
6.630000	0.001268	0.001311	0.997734	0.997691
6.640000	0.001256	0.001298	0.997747	0.997704
6.650000	0.001243	0.001285	0.997759	0.997717
6.660000	0.001231	0.001273	0.997772	0.997730
6.670000	0.001218	0.001260	0.997784	0.997742
6.680000	0.001206	0.001247	0.997796	0.997755
6.690000	0.001194	0.001235	0.997808	0.997767
6.700000	0.001182	0.001223	0.997820	0.997780
6.710000	0.001170	0.001211	0.997832	0.997792
6.720000	0.001159	0.001198	0.997844	0.997804
6.730000	0.001147	0.001187	0.997855	0.997816
6.740000	0.001135	0.001175	0.997867	0.997827
6.750000	0.001124	0.001163	0.997878	0.997839
6.760000	0.001113	0.001151	0.997889	0.997851
6.770000	0.001102	0.001140	0.997900	0.997862
6.780000	0.001091	0.001129	0.997911	0.997874
6.790000	0.001080	0.001117	0.997922	0.997885
6.800000	0.001069	0.001106	0.997933	0.997896
6.810000	0.001058	0.001095	0.997944	0.997907
6.820000	0.001048	0.001084	0.997954	0.997918
6.830000	0.001037	0.001074	0.997965	0.997929
6.840000	0.001027	0.001063	0.997975	0.997939
6.850000	0.001016	0.001052	0.997986	0.997950
6.860000	0.001006	0.001042	0.997996	0.997960
6.870000	0.000996	0.001031	0.998006	0.997971
6.880000	0.000986	0.001021	0.998016	0.997981
6.890000	0.000976	0.001011	0.998026	0.997991
6.900000	0.000967	0.001001	0.998035	0.998001
6.910000	0.000957	0.000991	0.998045	0.998011
6.920000	0.000947	0.000981	0.998055	0.998021
6.930000	0.000938	0.000971	0.998064	0.998031
6.940000	0.000928	0.000962	0.998073	0.998040
6.950000	0.000919	0.000952	0.998083	0.998050
6.960000	0.000910	0.000943	0.998092	0.998059
6.970000	0.000901	0.000933	0.998101	0.998069
6.980000	0.000892	0.000924	0.998110	0.998078
6.990000	0.000883	0.000915	0.998119	0.998087
7.000000	0.000874	0.000906	0.998128	0.998096
7.010000	0.000865	0.000897	0.998137	0.998105
7.020000	0.000857	0.000888	0.998145	0.998114
7.030000	0.000848	0.000879	0.998154	0.998123
7.040000	0.000840	0.000870	0.998162	0.998132
7.050000	0.000831	0.000861	0.998171	0.998141
7.060000	0.000823	0.000853	0.998179	0.998149
7.070000	0.000815	0.000844	0.998187	0.998158
7.080000	0.000807	0.000836	0.998195	0.998166
7.090000	0.000798	0.000828	0.998203	0.998174
7.100000	0.000790	0.000819	0.998211	0.998183
7.110000	0.000783	0.000811	0.998219	0.998191
7.120000	0.000775	0.000803	0.998227	0.998199
7.130000	0.000767	0.000795	0.998235	0.998207
7.140000	0.000759	0.000787	0.998242	0.998215
7.150000	0.000752	0.000779	0.998250	0.998223
7.160000	0.000744	0.000772	0.998258	0.998230
7.170000	0.000737	0.000764	0.998265	0.998238
7.180000	0.000729	0.000756	0.998272	0.998246
7.190000	0.000722	0.000749	0.998280	0.998253
7.200000	0.000715	0.000741	0.998287	0.998261
7.210000	0.000708	0.000734	0.998294	0.998268
7.220000	0.000701	0.000727	0.998301	0.998275
7.230000	0.000694	0.000719	0.998308	0.998282
7.240000	0.000687	0.000712	0.998315	0.998290
7.250000	0.000680	0.000705	0.998322	0.998297
7.260000	0.000673	0.000698	0.998329	0.998304
7.270000	0.000666	0.000691	0.998335	0.998311
7.280000	0.000660	0.000684	0.998342	0.998317
7.290000	0.000653	0.000677	0.998349	0.998324
7.300000	0.000646	0.000671	0.998355	0.998331
7.310000	0.000640	0.000664	0.998362	0.998338
7.320000	0.000634	0.000657	0.998368	0.998344
7.330000	0.000627	0.000651	0.998374	0.998351
7.340000	0.000621	0.000644	0.998381	0.998357
7.350000	0.000615	0.000638	0.998387	0.998364
7.360000	0.000609	0.000632	0.998393	0.998370
7.370000	0.000602	0.000625	0.998399	0.998376
7.380000	0.000596	0.000619	0.998405	0.998383
7.390000	0.000590	0.000613	0.998411	0.998389
7.400000	0.000585	0.000607	0.998417	0.998395
7.410000	0.000579	0.000601	0.998423	0.998401
7.420000	0.000573	0.000595	0.998429	0.998407
7.430000	0.000567	0.000589	0.998434	0.998413
7.440000	0.000561	0.000583	0.998440	0.998419
7.450000	0.000556	0.000577	0.998446	0.998424
7.460000	0.000550	0.000571	0.998451	0.998430
7.470000	0.000545	0.000566	0.998457	0.998436
7.480000	0.000539	0.000560	0.998462	0.998442
7.490000	0.000534	0.000554	0.998468	0.998447
7.500000	0.000529	0.000549	0.998473	0.998453
7.510000	0.000523	0.000543	0.998478	0.998458
7.520000	0.000518	0.000538	0.998483	0.998463
7.530000	0.000513	0.000533	0.998489	0.998469
7.540000	0.000508	0.000527	0.998494	0.998474
7.550000	0.000503	0.000522	0.998499	0.998479
7.560000	0.000498	0.000517	0.998504	0.998485
7.570000	0.000493	0.000512	0.998509	0.998490
7.580000	0.000488	0.000507	0.998514	0.998495
7.590000	0.000483	0.000502	0.998519	0.998500
7.600000	0.000478	0.000497	0.998523	0.998505
7.610000	0.000473	0.000492	0.998528	0.998510
7.620000	0.000468	0.000487	0.998533	0.998515
7.630000	0.000464	0.000482	0.998538	0.998520
7.640000	0.000459	0.000477	0.998542	0.998524
7.650000	0.000455	0.000472	0.998547	0.998529
7.660000	0.000450	0.000468	0.998551	0.998534
7.670000	0.000445	0.000463	0.998556	0.998538
7.680000	0.000441	0.000458	0.998560	0.998543
7.690000	0.000437	0.000454	0.998565	0.998548
7.700000	0.000432	0.000449	0.998569	0.998552
7.710000	0.000428	0.000445	0.998574	0.998557
7.720000	0.000424	0.000440	0.998578	0.998561
7.730000	0.000419	0.000436	0.998582	0.998565
7.740000	0.000415	0.000432	0.998586	0.998570
7.750000	0.000411	0.000427	0.998590	0.998574
7.760000	0.000407	0.000423	0.998594	0.998578
7.770000	0.000403	0.000419	0.998599	0.998582
7.780000	0.000399	0.000415	0.998603	0.998587
7.790000	0.000395	0.000411	0.998607	0.998591
7.800000	0.000391	0.000407	0.998611	0.998595
7.810000	0.000387	0.000403	0.998614	0.998599
7.820000	0.000383	0.000398	0.998618	0.998603
7.830000	0.000379	0.000395	0.998622	0.998607
7.840000	0.000375	0.000391	0.998626	0.998611
7.850000	0.000372	0.000387	0.998630	0.998615
7.860000	0.000368	0.000383	0.998633	0.998619
7.870000	0.000364	0.000379	0.998637	0.998622
7.880000	0.000361	0.000375	0.998641	0.998626
7.890000	0.000357	0.000372	0.998644	0.998630
7.900000	0.000353	0.000368	0.998648	0.998634
7.910000	0.000350	0.000364	0.998651	0.998637
7.920000	0.000346	0.000361	0.998655	0.998641
7.930000	0.000343	0.000357	0.998658	0.998644
7.940000	0.000340	0.000353	0.998662	0.998648
7.950000	0.000336	0.000350	0.998665	0.998651
7.960000	0.000333	0.000346	0.998669	0.998655
7.970000	0.000329	0.000343	0.998672	0.998658
7.980000	0.000326	0.000340	0.998675	0.998662
7.990000	0.000323	0.000336	0.998678	0.998665
8.000000	0.000320	0.000333	0.998682	0.998669
8.010000	0.000316	0.000329	0.998685	0.998672
8.020000	0.000313	0.000326	0.998688	0.998675
8.030000	0.000310	0.000323	0.998691	0.998678
8.040000	0.000307	0.000320	0.998694	0.998682
8.050000	0.000304	0.000317	0.998697	0.998685
8.060000	0.000301	0.000313	0.998700	0.998688
8.070000	0.000298	0.000310	0.998703	0.998691
8.080000	0.000295	0.000307	0.998706	0.998694
8.090000	0.000292	0.000304	0.998709	0.998697
8.100000	0.000289	0.000301	0.998712	0.998700
8.110000	0.000286	0.000298	0.998715	0.998703
8.120000	0.000283	0.000295	0.998718	0.998706
8.130000	0.000280	0.000292	0.998721	0.998709
8.140000	0.000278	0.000289	0.998724	0.998712
8.150000	0.000275	0.000286	0.998726	0.998715
8.160000	0.000272	0.000284	0.998729	0.998718
8.170000	0.000269	0.000281	0.998732	0.998721
8.180000	0.000267	0.000278	0.998735	0.998723
8.190000	0.000264	0.000275	0.998737	0.998726
8.200000	0.000261	0.000272	0.998740	0.998729
8.210000	0.000259	0.000270	0.998742	0.998732
8.220000	0.000256	0.000267	0.998745	0.998734
8.230000	0.000254	0.000264	0.998748	0.998737
8.240000	0.000251	0.000262	0.998750	0.998740
8.250000	0.000249	0.000259	0.998753	0.998742
8.260000	0.000246	0.000257	0.998755	0.998745
8.270000	0.000244	0.000254	0.998758	0.998747
8.280000	0.000241	0.000251	0.998760	0.998750
8.290000	0.000239	0.000249	0.998762	0.998752
8.300000	0.000236	0.000246	0.998765	0.998755
8.310000	0.000234	0.000244	0.998767	0.998757
8.320000	0.000232	0.000242	0.998770	0.998760
8.330000	0.000229	0.000239	0.998772	0.998762
8.340000	0.000227	0.000237	0.998774	0.998764
8.350000	0.000225	0.000234	0.998776	0.998767
8.360000	0.000223	0.000232	0.998779	0.998769
8.370000	0.000220	0.000230	0.998781	0.998771
8.380000	0.000218	0.000227	0.998783	0.998774
8.390000	0.000216	0.000225	0.998785	0.998776
8.400000	0.000214	0.000223	0.998787	0.998778
8.410000	0.000212	0.000221	0.998790	0.998780
8.420000	0.000209	0.000219	0.998792	0.998783
8.430000	0.000207	0.000216	0.998794	0.998785
8.440000	0.000205	0.000214	0.998796	0.998787
8.450000	0.000203	0.000212	0.998798	0.998789
8.460000	0.000201	0.000210	0.998800	0.998791
8.470000	0.000199	0.000208	0.998802	0.998793
8.480000	0.000197	0.000206	0.998804	0.998795
8.490000	0.000195	0.000204	0.998806	0.998797
8.500000	0.000193	0.000202	0.998808	0.998799
8.510000	0.000191	0.000200	0.998810	0.998801
8.520000	0.000189	0.000198	0.998812	0.998803
8.530000	0.000188	0.000196	0.998814	0.998805
8.540000	0.000186	0.000194	0.998816	0.998807
8.550000	0.000184	0.000192	0.998817	0.998809
8.560000	0.000182	0.000190	0.998819	0.998811
8.570000	0.000180	0.000188	0.998821	0.998813
8.580000	0.000178	0.000186	0.998823	0.998815
8.590000	0.000177	0.000184	0.998825	0.998817
8.600000	0.000175	0.000183	0.998826	0.998819
8.610000	0.000173	0.000181	0.998828	0.998820
8.620000	0.000171	0.000179	0.998830	0.998822
8.630000	0.000170	0.000177	0.998832	0.998824
8.640000	0.000168	0.000175	0.998833	0.998826
8.650000	0.000166	0.000174	0.998835	0.998828
8.660000	0.000165	0.000172	0.998837	0.998829
8.670000	0.000163	0.000170	0.998838	0.998831
8.680000	0.000161	0.000168	0.998840	0.998833
8.690000	0.000160	0.000167	0.998842	0.998834
8.700000	0.000158	0.000165	0.998843	0.998836
8.710000	0.000156	0.000163	0.998845	0.998838
8.720000	0.000155	0.000162	0.998846	0.998839
8.730000	0.000153	0.000160	0.998848	0.998841
8.740000	0.000152	0.000159	0.998849	0.998842
8.750000	0.000150	0.000157	0.998851	0.998844
8.760000	0.000149	0.000156	0.998852	0.998846
8.770000	0.000147	0.000154	0.998854	0.998847
8.780000	0.000146	0.000152	0.998855	0.998849
8.790000	0.000144	0.000151	0.998857	0.998850
8.800000	0.000143	0.000149	0.998858	0.998852
8.810000	0.000141	0.000148	0.998860	0.998853
8.820000	0.000140	0.000146	0.998861	0.998855
8.830000	0.000139	0.000145	0.998862	0.998856
8.840000	0.000137	0.000144	0.998864	0.998858
8.850000	0.000136	0.000142	0.998865	0.998859
8.860000	0.000135	0.000141	0.998867	0.998860
8.870000	0.000133	0.000139	0.998868	0.998862
8.880000	0.000132	0.000138	0.998869	0.998863
8.890000	0.000131	0.000137	0.998871	0.998865
8.900000	0.000129	0.000135	0.998872	0.998866
8.910000	0.000128	0.000134	0.998873	0.998867
8.920000	0.000127	0.000133	0.998874	0.998869
8.930000	0.000125	0.000131	0.998876	0.998870
8.940000	0.000124	0.000130	0.998877	0.998871
8.950000	0.000123	0.000129	0.998878	0.998873
8.960000	0.000122	0.000127	0.998879	0.998874
8.970000	0.000120	0.000126	0.998881	0.998875
8.980000	0.000119	0.000125	0.998882	0.998876
8.990000	0.000118	0.000124	0.998883	0.998878
9.000000	0.000117	0.000122	0.998884	0.998879
9.010000	0.000116	0.000121	0.998885	0.998880
9.020000	0.000115	0.000120	0.998887	0.998881
9.030000	0.000113	0.000119	0.998888	0.998882
9.040000	0.000112	0.000118	0.998889	0.998884
9.050000	0.000111	0.000116	0.998890	0.998885
9.060000	0.000110	0.000115	0.998891	0.998886
9.070000	0.000109	0.000114	0.998892	0.998887
9.080000	0.000108	0.000113	0.998893	0.998888
9.090000	0.000107	0.000112	0.998894	0.998889
9.100000	0.000106	0.000111	0.998895	0.998890
9.110000	0.000105	0.000110	0.998896	0.998892
9.120000	0.000104	0.000108	0.998898	0.998893
9.130000	0.000103	0.000107	0.998899	0.998894
9.140000	0.000102	0.000106	0.998900	0.998895
9.150000	0.000101	0.000105	0.998901	0.998896
9.160000	0.000099	0.000104	0.998902	0.998897
9.170000	0.000099	0.000103	0.998903	0.998898
9.180000	0.000098	0.000102	0.998904	0.998899
9.190000	0.000097	0.000101	0.998905	0.998900
9.200000	0.000096	0.000100	0.998906	0.998901
9.210000	0.000095	0.000099	0.998906	0.998902
9.220000	0.000094	0.000098	0.998907	0.998903
9.230000	0.000093	0.000097	0.998908	0.998904
9.240000	0.000092	0.000096	0.998909	0.998905
9.250000	0.000091	0.000095	0.998910	0.998906
9.260000	0.000090	0.000094	0.998911	0.998907
9.270000	0.000089	0.000093	0.998912	0.998908
9.280000	0.000088	0.000092	0.998913	0.998909
9.290000	0.000087	0.000091	0.998914	0.998910
9.300000	0.000086	0.000091	0.998915	0.998911
9.310000	0.000086	0.000090	0.998916	0.998911
9.320000	0.000085	0.000089	0.998916	0.998912
9.330000	0.000084	0.000088	0.998917	0.998913
9.340000	0.000083	0.000087	0.998918	0.998914
9.350000	0.000082	0.000086	0.998919	0.998915
9.360000	0.000081	0.000085	0.998920	0.998916
9.370000	0.000081	0.000084	0.998921	0.998917
9.380000	0.000080	0.000084	0.998921	0.998917
9.390000	0.000079	0.000083	0.998922	0.998918
9.400000	0.000078	0.000082	0.998923	0.998919
9.410000	0.000077	0.000081	0.998924	0.998920
9.420000	0.000077	0.000080	0.998924	0.998921
9.430000	0.000076	0.000080	0.998925	0.998922
9.440000	0.000075	0.000079	0.998926	0.998922
9.450000	0.000074	0.000078	0.998927	0.998923
9.460000	0.000074	0.000077	0.998927	0.998924
9.470000	0.000073	0.000076	0.998928	0.998925
9.480000	0.000072	0.000076	0.998929	0.998925
9.490000	0.000071	0.000075	0.998930	0.998926
9.500000	0.000071	0.000074	0.998930	0.998927
9.510000	0.000070	0.000073	0.998931	0.998928
9.520000	0.000069	0.000073	0.998932	0.998928
9.530000	0.000069	0.000072	0.998932	0.998929
9.540000	0.000068	0.000071	0.998933	0.998930
9.550000	0.000067	0.000071	0.998934	0.998931
9.560000	0.000067	0.000070	0.998935	0.998931
9.570000	0.000066	0.000069	0.998935	0.998932
9.580000	0.000065	0.000068	0.998936	0.998933
9.590000	0.000065	0.000068	0.998937	0.998933
9.600000	0.000064	0.000067	0.998937	0.998934
9.610000	0.000063	0.000066	0.998938	0.998935
9.620000	0.000063	0.000066	0.998938	0.998935
9.630000	0.000062	0.000065	0.998939	0.998936
9.640000	0.000061	0.000064	0.998940	0.998937
9.650000	0.000061	0.000064	0.998940	0.998937
9.660000	0.000060	0.000063	0.998941	0.998938
9.670000	0.000060	0.000063	0.998941	0.998939
9.680000	0.000059	0.000062	0.998942	0.998939
9.690000	0.000058	0.000061	0.998943	0.998940
9.700000	0.000058	0.000061	0.998943	0.998940
9.710000	0.000057	0.000060	0.998944	0.998941
9.720000	0.000057	0.000059	0.998944	0.998942
9.730000	0.000056	0.000059	0.998945	0.998942
9.740000	0.000056	0.000058	0.998946	0.998943
9.750000	0.000055	0.000058	0.998946	0.998943
9.760000	0.000054	0.000057	0.998947	0.998944
9.770000	0.000054	0.000057	0.998947	0.998944
9.780000	0.000053	0.000056	0.998948	0.998945
9.790000	0.000053	0.000055	0.998948	0.998946
9.800000	0.000052	0.000055	0.998949	0.998946
9.810000	0.000052	0.000054	0.998949	0.998947
9.820000	0.000051	0.000054	0.998950	0.998947
9.830000	0.000051	0.000053	0.998950	0.998948
9.840000	0.000050	0.000053	0.998951	0.998948
9.850000	0.000050	0.000052	0.998951	0.998949
9.860000	0.000049	0.000052	0.998952	0.998949
9.870000	0.000049	0.000051	0.998952	0.998950
9.880000	0.000048	0.000051	0.998953	0.998950
9.890000	0.000048	0.000050	0.998953	0.998951
9.900000	0.000047	0.000050	0.998954	0.998951
9.910000	0.000047	0.000049	0.998954	0.998952
9.920000	0.000046	0.000049	0.998955	0.998952
9.930000	0.000046	0.000048	0.998955	0.998953
9.940000	0.000045	0.000048	0.998956	0.998953
9.950000	0.000045	0.000047	0.998956	0.998954
9.960000	0.000044	0.000047	0.998957	0.998954
9.970000	0.000044	0.000046	0.998957	0.998955
9.980000	0.000044	0.000046	0.998957	0.998955
9.990000	0.000043	0.000045	0.998958	0.998956
10.000000	0.000043	0.000045	0.998958	0.998956
10.010000	0.000042	0.000045	0.998959	0.998957
10.020000	0.000042	0.000044	0.998959	0.998957
10.030000	0.000041	0.000044	0.998960	0.998957
10.040000	0.000041	0.000043	0.998960	0.998958
10.050000	0.000041	0.000043	0.998960	0.998958
10.060000	0.000040	0.000042	0.998961	0.998959
10.070000	0.000040	0.000042	0.998961	0.998959
10.080000	0.000039	0.000041	0.998962	0.998960
10.090000	0.000039	0.000041	0.998962	0.998960
10.100000	0.000039	0.000041	0.998962	0.998960
10.110000	0.000038	0.000040	0.998963	0.998961
10.120000	0.000038	0.000040	0.998963	0.998961
10.130000	0.000037	0.000039	0.998964	0.998962
10.140000	0.000037	0.000039	0.998964	0.998962
10.150000	0.000037	0.000039	0.998964	0.998962
10.160000	0.000036	0.000038	0.998965	0.998963
10.170000	0.000036	0.000038	0.998965	0.998963
10.180000	0.000036	0.000038	0.998965	0.998963
10.190000	0.000035	0.000037	0.998966	0.998964
10.200000	0.000035	0.000037	0.998966	0.998964
10.210000	0.000035	0.000036	0.998966	0.998965
10.220000	0.000034	0.000036	0.998967	0.998965
10.230000	0.000034	0.000036	0.998967	0.998965
10.240000	0.000034	0.000035	0.998967	0.998966
10.250000	0.000033	0.000035	0.998968	0.998966
10.260000	0.000033	0.000035	0.998968	0.998966
10.270000	0.000033	0.000034	0.998968	0.998967
10.280000	0.000032	0.000034	0.998969	0.998967
10.290000	0.000032	0.000034	0.998969	0.998967
10.300000	0.000032	0.000033	0.998969	0.998968
10.310000	0.000031	0.000033	0.998970	0.998968
10.320000	0.000031	0.000033	0.998970	0.998968
10.330000	0.000031	0.000032	0.998970	0.998969
10.340000	0.000030	0.000032	0.998971	0.998969
10.350000	0.000030	0.000032	0.998971	0.998969
10.360000	0.000030	0.000031	0.998971	0.998970
10.370000	0.000029	0.000031	0.998972	0.998970
10.380000	0.000029	0.000031	0.998972	0.998970
10.390000	0.000029	0.000030	0.998972	0.998971
10.400000	0.000029	0.000030	0.998972	0.998971
10.410000	0.000028	0.000030	0.998973	0.998971
10.420000	0.000028	0.000030	0.998973	0.998972
10.430000	0.000028	0.000029	0.998973	0.998972
10.440000	0.000027	0.000029	0.998974	0.998972
10.450000	0.000027	0.000029	0.998974	0.998972
10.460000	0.000027	0.000028	0.998974	0.998973
10.470000	0.000027	0.000028	0.998974	0.998973
10.480000	0.000026	0.000028	0.998975	0.998973
10.490000	0.000026	0.000028	0.998975	0.998974
10.500000	0.000026	0.000027	0.998975	0.998974
10.510000	0.000026	0.000027	0.998975	0.998974
10.520000	0.000025	0.000027	0.998976	0.998974
10.530000	0.000025	0.000026	0.998976	0.998975
10.540000	0.000025	0.000026	0.998976	0.998975
10.550000	0.000025	0.000026	0.998976	0.998975
10.560000	0.000024	0.000026	0.998977	0.998975
10.570000	0.000024	0.000025	0.998977	0.998976
10.580000	0.000024	0.000025	0.998977	0.998976
10.590000	0.000024	0.000025	0.998977	0.998976
10.600000	0.000023	0.000025	0.998978	0.998976
10.610000	0.000023	0.000024	0.998978	0.998977
10.620000	0.000023	0.000024	0.998978	0.998977
10.630000	0.000023	0.000024	0.998978	0.998977
10.640000	0.000022	0.000024	0.998979	0.998977
10.650000	0.000022	0.000023	0.998979	0.998978
10.660000	0.000022	0.000023	0.998979	0.998978
10.670000	0.000022	0.000023	0.998979	0.998978
10.680000	0.000022	0.000023	0.998979	0.998978
10.690000	0.000021	0.000023	0.998980	0.998978
10.700000	0.000021	0.000022	0.998980	0.998979
10.710000	0.000021	0.000022	0.998980	0.998979
10.720000	0.000021	0.000022	0.998980	0.998979
10.730000	0.000021	0.000022	0.998981	0.998979
10.740000	0.000020	0.000021	0.998981	0.998980
10.750000	0.000020	0.000021	0.998981	0.998980
10.760000	0.000020	0.000021	0.998981	0.998980
10.770000	0.000020	0.000021	0.998981	0.998980
10.780000	0.000019	0.000021	0.998982	0.998980
10.790000	0.000019	0.000020	0.998982	0.998981
10.800000	0.000019	0.000020	0.998982	0.998981
10.810000	0.000019	0.000020	0.998982	0.998981
10.820000	0.000019	0.000020	0.998982	0.998981
10.830000	0.000019	0.000020	0.998982	0.998981
10.840000	0.000018	0.000019	0.998983	0.998982
10.850000	0.000018	0.000019	0.998983	0.998982
10.860000	0.000018	0.000019	0.998983	0.998982
10.870000	0.000018	0.000019	0.998983	0.998982
10.880000	0.000018	0.000019	0.998983	0.998982
10.890000	0.000017	0.000018	0.998984	0.998983
10.900000	0.000017	0.000018	0.998984	0.998983
10.910000	0.000017	0.000018	0.998984	0.998983
10.920000	0.000017	0.000018	0.998984	0.998983
10.930000	0.000017	0.000018	0.998984	0.998983
10.940000	0.000017	0.000018	0.998984	0.998983
10.950000	0.000016	0.000017	0.998985	0.998984
10.960000	0.000016	0.000017	0.998985	0.998984
10.970000	0.000016	0.000017	0.998985	0.998984
10.980000	0.000016	0.000017	0.998985	0.998984
10.990000	0.000016	0.000017	0.998985	0.998984
11.000000	0.000016	0.000017	0.998985	0.998984
11.010000	0.000015	0.000016	0.998986	0.998985
11.020000	0.000015	0.000016	0.998986	0.998985
11.030000	0.000015	0.000016	0.998986	0.998985
11.040000	0.000015	0.000016	0.998986	0.998985
11.050000	0.000015	0.000016	0.998986	0.998985
11.060000	0.000015	0.000016	0.998986	0.998985
11.070000	0.000015	0.000015	0.998986	0.998986
11.080000	0.000014	0.000015	0.998987	0.998986
11.090000	0.000014	0.000015	0.998987	0.998986
11.100000	0.000014	0.000015	0.998987	0.998986
11.110000	0.000014	0.000015	0.998987	0.998986
11.120000	0.000014	0.000015	0.998987	0.998986
11.130000	0.000014	0.000015	0.998987	0.998987
11.140000	0.000014	0.000014	0.998987	0.998987
11.150000	0.000013	0.000014	0.998988	0.998987
11.160000	0.000013	0.000014	0.998988	0.998987
11.170000	0.000013	0.000014	0.998988	0.998987
11.180000	0.000013	0.000014	0.998988	0.998987
11.190000	0.000013	0.000014	0.998988	0.998987
11.200000	0.000013	0.000014	0.998988	0.998987
11.210000	0.000013	0.000013	0.998988	0.998988
11.220000	0.000013	0.000013	0.998988	0.998988
11.230000	0.000012	0.000013	0.998989	0.998988
11.240000	0.000012	0.000013	0.998989	0.998988
11.250000	0.000012	0.000013	0.998989	0.998988
11.260000	0.000012	0.000013	0.998989	0.998988
11.270000	0.000012	0.000013	0.998989	0.998988
11.280000	0.000012	0.000012	0.998989	0.998989
11.290000	0.000012	0.000012	0.998989	0.998989
11.300000	0.000012	0.000012	0.998989	0.998989
11.310000	0.000011	0.000012	0.998990	0.998989
11.320000	0.000011	0.000012	0.998990	0.998989
11.330000	0.000011	0.000012	0.998990	0.998989
11.340000	0.000011	0.000012	0.998990	0.998989
11.350000	0.000011	0.000012	0.998990	0.998989
11.360000	0.000011	0.000012	0.998990	0.998989
11.370000	0.000011	0.000011	0.998990	0.998990
11.380000	0.000011	0.000011	0.998990	0.998990
11.390000	0.000011	0.000011	0.998990	0.998990
11.400000	0.000010	0.000011	0.998991	0.998990
11.410000	0.000010	0.000011	0.998991	0.998990
11.420000	0.000010	0.000011	0.998991	0.998990
11.430000	0.000010	0.000011	0.998991	0.998990
11.440000	0.000010	0.000011	0.998991	0.998990
11.450000	0.000010	0.000011	0.998991	0.998990
11.460000	0.000010	0.000010	0.998991	0.998991
11.470000	0.000010	0.000010	0.998991	0.998991
11.480000	0.000010	0.000010	0.998991	0.998991
11.490000	0.000010	0.000010	0.998991	0.998991
11.500000	0.000009	0.000010	0.998992	0.998991
11.510000	0.000009	0.000010	0.998992	0.998991
11.520000	0.000009	0.000010	0.998992	0.998991
11.530000	0.000009	0.000010	0.998992	0.998991
11.540000	0.000009	0.000010	0.998992	0.998991
11.550000	0.000009	0.000010	0.998992	0.998991
11.560000	0.000009	0.000009	0.998992	0.998992
11.570000	0.000009	0.000009	0.998992	0.998992
11.580000	0.000009	0.000009	0.998992	0.998992
11.590000	0.000009	0.000009	0.998992	0.998992
11.600000	0.000009	0.000009	0.998992	0.998992
11.610000	0.000008	0.000009	0.998993	0.998992
11.620000	0.000008	0.000009	0.998993	0.998992
11.630000	0.000008	0.000009	0.998993	0.998992
11.640000	0.000008	0.000009	0.998993	0.998992
11.650000	0.000008	0.000009	0.998993	0.998992
11.660000	0.000008	0.000009	0.998993	0.998992
11.670000	0.000008	0.000008	0.998993	0.998993
11.680000	0.000008	0.000008	0.998993	0.998993
11.690000	0.000008	0.000008	0.998993	0.998993
11.700000	0.000008	0.000008	0.998993	0.998993
11.710000	0.000008	0.000008	0.998993	0.998993
11.720000	0.000008	0.000008	0.998993	0.998993
11.730000	0.000007	0.000008	0.998994	0.998993
11.740000	0.000007	0.000008	0.998994	0.998993
11.750000	0.000007	0.000008	0.998994	0.998993
11.760000	0.000007	0.000008	0.998994	0.998993
11.770000	0.000007	0.000008	0.998994	0.998993
11.780000	0.000007	0.000008	0.998994	0.998993
11.790000	0.000007	0.000007	0.998994	0.998994
11.800000	0.000007	0.000007	0.998994	0.998994
11.810000	0.000007	0.000007	0.998994	0.998994
11.820000	0.000007	0.000007	0.998994	0.998994
11.830000	0.000007	0.000007	0.998994	0.998994
11.840000	0.000007	0.000007	0.998994	0.998994
11.850000	0.000007	0.000007	0.998994	0.998994
11.860000	0.000007	0.000007	0.998994	0.998994
11.870000	0.000007	0.000007	0.998994	0.998994
11.880000	0.000006	0.000007	0.998995	0.998994
11.890000	0.000006	0.000007	0.998995	0.998994
11.900000	0.000006	0.000007	0.998995	0.998994
11.910000	0.000006	0.000007	0.998995	0.998994
11.920000	0.000006	0.000007	0.998995	0.998994
11.930000	0.000006	0.000007	0.998995	0.998994
11.940000	0.000006	0.000006	0.998995	0.998995
11.950000	0.000006	0.000006	0.998995	0.998995
11.960000	0.000006	0.000006	0.998995	0.998995
11.970000	0.000006	0.000006	0.998995	0.998995
11.980000	0.000006	0.000006	0.998995	0.998995
11.990000	0.000006	0.000006	0.998995	0.998995
12.000000	0.000006	0.000006	0.998995	0.998995
12.010000	0.000006	0.000006	0.998995	0.998995
12.020000	0.000006	0.000006	0.998995	0.998995
12.030000	0.000006	0.000006	0.998995	0.998995
12.040000	0.000005	0.000006	0.998996	0.998995
12.050000	0.000005	0.000006	0.998996	0.998995
12.060000	0.000005	0.000006	0.998996	0.998995
12.070000	0.000005	0.000006	0.998996	0.998995
12.080000	0.000005	0.000006	0.998996	0.998995
12.090000	0.000005	0.000006	0.998996	0.998995
12.100000	0.000005	0.000005	0.998996	0.998996
12.110000	0.000005	0.000005	0.998996	0.998996
12.120000	0.000005	0.000005	0.998996	0.998996
12.130000	0.000005	0.000005	0.998996	0.998996
12.140000	0.000005	0.000005	0.998996	0.998996
12.150000	0.000005	0.000005	0.998996	0.998996
12.160000	0.000005	0.000005	0.998996	0.998996
12.170000	0.000005	0.000005	0.998996	0.998996
12.180000	0.000005	0.000005	0.998996	0.998996
12.190000	0.000005	0.000005	0.998996	0.998996
12.200000	0.000005	0.000005	0.998996	0.998996
12.210000	0.000005	0.000005	0.998996	0.998996
12.220000	0.000005	0.000005	0.998996	0.998996
12.230000	0.000005	0.000005	0.998996	0.998996
12.240000	0.000004	0.000005	0.998997	0.998996
12.250000	0.000004	0.000005	0.998997	0.998996
12.260000	0.000004	0.000005	0.998997	0.998996
12.270000	0.000004	0.000005	0.998997	0.998996
12.280000	0.000004	0.000005	0.998997	0.998996
12.290000	0.000004	0.000005	0.998997	0.998996
12.300000	0.000004	0.000004	0.998997	0.998997
12.310000	0.000004	0.000004	0.998997	0.998997
12.320000	0.000004	0.000004	0.998997	0.998997
12.330000	0.000004	0.000004	0.998997	0.998997
12.340000	0.000004	0.000004	0.998997	0.998997
12.350000	0.000004	0.000004	0.998997	0.998997
12.360000	0.000004	0.000004	0.998997	0.998997
12.370000	0.000004	0.000004	0.998997	0.998997
12.380000	0.000004	0.000004	0.998997	0.998997
12.390000	0.000004	0.000004	0.998997	0.998997
12.400000	0.000004	0.000004	0.998997	0.998997
12.410000	0.000004	0.000004	0.998997	0.998997
12.420000	0.000004	0.000004	0.998997	0.998997
12.430000	0.000004	0.000004	0.998997	0.998997
12.440000	0.000004	0.000004	0.998997	0.998997
12.450000	0.000004	0.000004	0.998997	0.998997
12.460000	0.000004	0.000004	0.998997	0.998997
12.470000	0.000004	0.000004	0.998997	0.998997
12.480000	0.000004	0.000004	0.998997	0.998997
12.490000	0.000003	0.000004	0.998998	0.998997
12.500000	0.000003	0.000004	0.998998	0.998997
12.510000	0.000003	0.000004	0.998998	0.998997
12.520000	0.000003	0.000004	0.998998	0.998997
12.530000	0.000003	0.000004	0.998998	0.998997
12.540000	0.000003	0.000004	0.998998	0.998997
12.550000	0.000003	0.000004	0.998998	0.998998
12.560000	0.000003	0.000003	0.998998	0.998998
12.570000	0.000003	0.000003	0.998998	0.998998
12.580000	0.000003	0.000003	0.998998	0.998998
12.590000	0.000003	0.000003	0.998998	0.998998
12.600000	0.000003	0.000003	0.998998	0.998998
12.610000	0.000003	0.000003	0.998998	0.998998
12.620000	0.000003	0.000003	0.998998	0.998998
12.630000	0.000003	0.000003	0.998998	0.998998
12.640000	0.000003	0.000003	0.998998	0.998998
12.650000	0.000003	0.000003	0.998998	0.998998
12.660000	0.000003	0.000003	0.998998	0.998998
12.670000	0.000003	0.000003	0.998998	0.998998
12.680000	0.000003	0.000003	0.998998	0.998998
12.690000	0.000003	0.000003	0.998998	0.998998
12.700000	0.000003	0.000003	0.998998	0.998998
12.710000	0.000003	0.000003	0.998998	0.998998
12.720000	0.000003	0.000003	0.998998	0.998998
12.730000	0.000003	0.000003	0.998998	0.998998
12.740000	0.000003	0.000003	0.998998	0.998998
12.750000	0.000003	0.000003	0.998998	0.998998
12.760000	0.000003	0.000003	0.998998	0.998998
12.770000	0.000003	0.000003	0.998998	0.998998
12.780000	0.000003	0.000003	0.998998	0.998998
12.790000	0.000003	0.000003	0.998998	0.998998
12.800000	0.000003	0.000003	0.998998	0.998998
12.810000	0.000003	0.000003	0.998998	0.998998
12.820000	0.000003	0.000003	0.998998	0.998998
12.830000	0.000002	0.000003	0.998999	0.998998
12.840000	0.000002	0.000003	0.998999	0.998998
12.850000	0.000002	0.000003	0.998999	0.998998
12.860000	0.000002	0.000003	0.998999	0.998998
12.870000	0.000002	0.000003	0.998999	0.998998
12.880000	0.000002	0.000003	0.998999	0.998998
12.890000	0.000002	0.000002	0.998999	0.998999
12.900000	0.000002	0.000002	0.998999	0.998999
12.910000	0.000002	0.000002	0.998999	0.998999
12.920000	0.000002	0.000002	0.998999	0.998999
12.930000	0.000002	0.000002	0.998999	0.998999
12.940000	0.000002	0.000002	0.998999	0.998999
12.950000	0.000002	0.000002	0.998999	0.998999
12.960000	0.000002	0.000002	0.998999	0.998999
12.970000	0.000002	0.000002	0.998999	0.998999
12.980000	0.000002	0.000002	0.998999	0.998999
12.990000	0.000002	0.000002	0.998999	0.998999
13.000000	0.000002	0.000002	0.998999	0.998999
13.010000	0.000002	0.000002	0.998999	0.998999
13.020000	0.000002	0.000002	0.998999	0.998999
13.030000	0.000002	0.000002	0.998999	0.998999
13.040000	0.000002	0.000002	0.998999	0.998999
13.050000	0.000002	0.000002	0.998999	0.998999
13.060000	0.000002	0.000002	0.998999	0.998999
13.070000	0.000002	0.000002	0.998999	0.998999
13.080000	0.000002	0.000002	0.998999	0.998999
13.090000	0.000002	0.000002	0.998999	0.998999
13.100000	0.000002	0.000002	0.998999	0.998999
13.110000	0.000002	0.000002	0.998999	0.998999
13.120000	0.000002	0.000002	0.998999	0.998999
13.130000	0.000002	0.000002	0.998999	0.998999
13.140000	0.000002	0.000002	0.998999	0.998999
13.150000	0.000002	0.000002	0.998999	0.998999
13.160000	0.000002	0.000002	0.998999	0.998999
13.170000	0.000002	0.000002	0.998999	0.998999
13.180000	0.000002	0.000002	0.998999	0.998999
13.190000	0.000002	0.000002	0.998999	0.998999
13.200000	0.000002	0.000002	0.998999	0.998999
13.210000	0.000002	0.000002	0.998999	0.998999
13.220000	0.000002	0.000002	0.998999	0.998999
13.230000	0.000002	0.000002	0.998999	0.998999
13.240000	0.000002	0.000002	0.998999	0.998999
13.250000	0.000002	0.000002	0.998999	0.998999
13.260000	0.000002	0.000002	0.998999	0.998999
13.270000	0.000002	0.000002	0.998999	0.998999
13.280000	0.000002	0.000002	0.998999	0.998999
13.290000	0.000002	0.000002	0.998999	0.998999
13.300000	0.000002	0.000002	0.998999	0.998999
13.310000	0.000002	0.000002	0.998999	0.998999
13.320000	0.000002	0.000002	0.998999	0.998999
13.330000	0.000001	0.000002	0.999000	0.998999
13.340000	0.000001	0.000002	0.999000	0.998999
13.350000	0.000001	0.000002	0.999000	0.998999
13.360000	0.000001	0.000002	0.999000	0.998999
13.370000	0.000001	0.000002	0.999000	0.998999
13.380000	0.000001	0.000002	0.999000	0.998999
13.390000	0.000001	0.000002	0.999000	0.998999
13.400000	0.000001	0.000001	0.999000	0.999000
13.410000	0.000001	0.000001	0.999000	0.999000
13.420000	0.000001	0.000001	0.999000	0.999000
13.430000	0.000001	0.000001	0.999000	0.999000
13.440000	0.000001	0.000001	0.999000	0.999000
13.450000	0.000001	0.000001	0.999000	0.999000
13.460000	0.000001	0.000001	0.999000	0.999000
13.470000	0.000001	0.000001	0.999000	0.999000
13.480000	0.000001	0.000001	0.999000	0.999000
13.490000	0.000001	0.000001	0.999000	0.999000
13.500000	0.000001	0.000001	0.999000	0.999000
13.510000	0.000001	0.000001	0.999000	0.999000
13.520000	0.000001	0.000001	0.999000	0.999000
13.530000	0.000001	0.000001	0.999000	0.999000
13.540000	0.000001	0.000001	0.999000	0.999000
13.550000	0.000001	0.000001	0.999000	0.999000
13.560000	0.000001	0.000001	0.999000	0.999000
13.570000	0.000001	0.000001	0.999000	0.999000
13.580000	0.000001	0.000001	0.999000	0.999000
13.590000	0.000001	0.000001	0.999000	0.999000
13.600000	0.000001	0.000001	0.999000	0.999000
13.610000	0.000001	0.000001	0.999000	0.999000
13.620000	0.000001	0.000001	0.999000	0.999000
13.630000	0.000001	0.000001	0.999000	0.999000
13.640000	0.000001	0.000001	0.999000	0.999000
13.650000	0.000001	0.000001	0.999000	0.999000
13.660000	0.000001	0.000001	0.999000	0.999000
13.670000	0.000001	0.000001	0.999000	0.999000
13.680000	0.000001	0.000001	0.999000	0.999000
13.690000	0.000001	0.000001	0.999000	0.999000
13.700000	0.000001	0.000001	0.999000	0.999000
13.710000	0.000001	0.000001	0.999000	0.999000
13.720000	0.000001	0.000001	0.999000	0.999000
13.730000	0.000001	0.000001	0.999000	0.999000
13.740000	0.000001	0.000001	0.999000	0.999000
13.750000	0.000001	0.000001	0.999000	0.999000
13.760000	0.000001	0.000001	0.999000	0.999000
13.770000	0.000001	0.000001	0.999000	0.999000
13.780000	0.000001	0.000001	0.999000	0.999000
13.790000	0.000001	0.000001	0.999000	0.999000
13.800000	0.000001	0.000001	0.999000	0.999000
13.810000	0.000001	0.000001	0.999000	0.999000
13.820000	0.000001	0.000001	0.999000	0.999000
13.830000	0.000001	0.000001	0.999000	0.999000
13.840000	0.000001	0.000001	0.999000	0.999000
13.850000	0.000001	0.000001	0.999000	0.999000
13.860000	0.000001	0.000001	0.999000	0.999000
13.870000	0.000001	0.000001	0.999000	0.999000
13.880000	0.000001	0.000001	0.999000	0.999000
13.890000	0.000001	0.000001	0.999000	0.999000
13.900000	0.000001	0.000001	0.999000	0.999000
13.910000	0.000001	0.000001	0.999000	0.999000
13.920000	0.000001	0.000001	0.999000	0.999000
13.930000	0.000001	0.000001	0.999000	0.999000
13.940000	0.000001	0.000001	0.999000	0.999000
13.950000	0.000001	0.000001	0.999000	0.999000
13.960000	0.000001	0.000001	0.999000	0.999000
13.970000	0.000001	0.000001	0.999000	0.999000
13.980000	0.000001	0.000001	0.999000	0.999000
13.990000	0.000001	0.000001	0.999000	0.999000
14.000000	0.000001	0.000001	0.999000	0.999000
14.010000	0.000001	0.000001	0.999000	0.999000
14.020000	0.000001	0.000001	0.999000	0.999000
14.030000	0.000001	0.000001	0.999000	0.999000
14.040000	0.000001	0.000001	0.999000	0.999000
14.050000	0.000001	0.000001	0.999000	0.999000
14.060000	0.000001	0.000001	0.999000	0.999000
14.070000	0.000001	0.000001	0.999000	0.999000
14.080000	0.000001	0.000001	0.999000	0.999000
14.090000	0.000001	0.000001	0.999000	0.999000
14.100000	0.000001	0.000001	0.999000	0.999000
14.110000	0.000001	0.000001	0.999000	0.999000
14.120000	0.000001	0.000001	0.999000	0.999000
14.130000	0.000001	0.000001	0.999000	0.999000
14.140000	0.000001	0.000001	0.999000	0.999000
14.150000	0.000001	0.000001	0.999000	0.999000
14.160000	0.000001	0.000001	0.999000	0.999000
14.170000	0.000001	0.000001	0.999000	0.999000
14.180000	0.000001	0.000001	0.999000	0.999000
14.190000	0.000001	0.000001	0.999000	0.999000
14.200000	0.000001	0.000001	0.999000	0.999000
14.210000	0.000001	0.000001	0.999000	0.999000
14.220000	0.000001	0.000001	0.999000	0.999000
14.230000	0.000001	0.000001	0.999000	0.999000
14.240000	0.000001	0.000001	0.999000	0.999000
14.250000	0.000001	0.000001	0.999000	0.999000
14.260000	0.000001	0.000001	0.999000	0.999000
14.270000	0.000001	0.000001	0.999000	0.999000
14.280000	0.000001	0.000001	0.999000	0.999000
14.290000	0.000001	0.000001	0.999000	0.999000
14.300000	0.000001	0.000001	0.999000	0.999000
14.310000	0.000001	0.000001	0.999000	0.999000
14.320000	0.000001	0.000001	0.999000	0.999000
14.330000	0.000001	0.000001	0.999000	0.999000
14.340000	0.000001	0.000001	0.999000	0.999000
14.350000	0.000001	0.000001	0.999000	0.999000
14.360000	0.000001	0.000001	0.999000	0.999000
14.370000	0.000001	0.000001	0.999000	0.999000
14.380000	0.000001	0.000001	0.999000	0.999000
14.390000	0.000001	0.000001	0.999000	0.999000
14.400000	0.000001	0.000001	0.999000	0.999000
14.410000	0.000001	0.000001	0.999000	0.999000
14.420000	0.000001	0.000001	0.999000	0.999000
14.430000	0.000000	0.000001	0.999001	0.999000
14.440000	0.000000	0.000001	0.999001	0.999000
14.450000	0.000000	0.000001	0.999001	0.999000
14.460000	0.000000	0.000001	0.999001	0.999000
14.470000	0.000000	0.000001	0.999001	0.999000
14.480000	0.000000	0.000001	0.999001	0.999000
14.490000	0.000000	0.000001	0.999001	0.999000
14.500000	0.000000	0.000000	0.999001	0.999001
14.510000	0.000000	0.000000	0.999001	0.999001
14.520000	0.000000	0.000000	0.999001	0.999001
14.530000	0.000000	0.000000	0.999001	0.999001
14.540000	0.000000	0.000000	0.999001	0.999001
14.550000	0.000000	0.000000	0.999001	0.999001
14.560000	0.000000	0.000000	0.999001	0.999001
14.570000	0.000000	0.000000	0.999001	0.999001
14.580000	0.000000	0.000000	0.999001	0.999001
14.590000	0.000000	0.000000	0.999001	0.999001
14.600000	0.000000	0.000000	0.999001	0.999001
14.610000	0.000000	0.000000	0.999001	0.999001
14.620000	0.000000	0.000000	0.999001	0.999001
14.630000	0.000000	0.000000	0.999001	0.999001
14.640000	0.000000	0.000000	0.999001	0.999001
14.650000	0.000000	0.000000	0.999001	0.999001
14.660000	0.000000	0.000000	0.999001	0.999001
14.670000	0.000000	0.000000	0.999001	0.999001
14.680000	0.000000	0.000000	0.999001	0.999001
14.690000	0.000000	0.000000	0.999001	0.999001
14.700000	0.000000	0.000000	0.999001	0.999001
14.710000	0.000000	0.000000	0.999001	0.999001
14.720000	0.000000	0.000000	0.999001	0.999001
14.730000	0.000000	0.000000	0.999001	0.999001
14.740000	0.000000	0.000000	0.999001	0.999001
14.750000	0.000000	0.000000	0.999001	0.999001
14.760000	0.000000	0.000000	0.999001	0.999001
14.770000	0.000000	0.000000	0.999001	0.999001
14.780000	0.000000	0.000000	0.999001	0.999001
14.790000	0.000000	0.000000	0.999001	0.999001
14.800000	0.000000	0.000000	0.999001	0.999001
14.810000	0.000000	0.000000	0.999001	0.999001
14.820000	0.000000	0.000000	0.999001	0.999001
14.830000	0.000000	0.000000	0.999001	0.999001
14.840000	0.000000	0.000000	0.999001	0.999001
14.850000	0.000000	0.000000	0.999001	0.999001
14.860000	0.000000	0.000000	0.999001	0.999001
14.870000	0.000000	0.000000	0.999001	0.999001
14.880000	0.000000	0.000000	0.999001	0.999001
14.890000	0.000000	0.000000	0.999001	0.999001
14.900000	0.000000	0.000000	0.999001	0.999001
14.910000	0.000000	0.000000	0.999001	0.999001
14.920000	0.000000	0.000000	0.999001	0.999001
14.930000	0.000000	0.000000	0.999001	0.999001
14.940000	0.000000	0.000000	0.999001	0.999001
14.950000	0.000000	0.000000	0.999001	0.999001
14.960000	0.000000	0.000000	0.999001	0.999001
14.970000	0.000000	0.000000	0.999001	0.999001
14.980000	0.000000	0.000000	0.999001	0.999001
14.990000	0.000000	0.000000	0.999001	0.999001
15.000000	0.000000	0.000000	0.999001	0.999001
15.010000	0.000000	0.000000	0.999001	0.999001
15.020000	0.000000	0.000000	0.999001	0.999001
15.030000	0.000000	0.000000	0.999001	0.999001
15.040000	0.000000	0.000000	0.999001	0.999001
15.050000	0.000000	0.000000	0.999001	0.999001
15.060000	0.000000	0.000000	0.999001	0.999001
15.070000	0.000000	0.000000	0.999001	0.999001
15.080000	0.000000	0.000000	0.999001	0.999001
15.090000	0.000000	0.000000	0.999001	0.999001
15.100000	0.000000	0.000000	0.999001	0.999001
15.110000	0.000000	0.000000	0.999001	0.999001
15.120000	0.000000	0.000000	0.999001	0.999001
15.130000	0.000000	0.000000	0.999001	0.999001
15.140000	0.000000	0.000000	0.999001	0.999001
15.150000	0.000000	0.000000	0.999001	0.999001
15.160000	0.000000	0.000000	0.999001	0.999001
15.170000	0.000000	0.000000	0.999001	0.999001
15.180000	0.000000	0.000000	0.999001	0.999001
15.190000	0.000000	0.000000	0.999001	0.999001
15.200000	0.000000	0.000000	0.999001	0.999001
15.210000	0.000000	0.000000	0.999001	0.999001
15.220000	0.000000	0.000000	0.999001	0.999001
15.230000	0.000000	0.000000	0.999001	0.999001
15.240000	0.000000	0.000000	0.999001	0.999001
15.250000	0.000000	0.000000	0.999001	0.999001
15.260000	0.000000	0.000000	0.999001	0.999001
15.270000	0.000000	0.000000	0.999001	0.999001
15.280000	0.000000	0.000000	0.999001	0.999001
15.290000	0.000000	0.000000	0.999001	0.999001
15.300000	0.000000	0.000000	0.999001	0.999001
15.310000	0.000000	0.000000	0.999001	0.999001
15.320000	0.000000	0.000000	0.999001	0.999001
15.330000	0.000000	0.000000	0.999001	0.999001
15.340000	0.000000	0.000000	0.999001	0.999001
15.350000	0.000000	0.000000	0.999001	0.999001
15.360000	0.000000	0.000000	0.999001	0.999001
15.370000	0.000000	0.000000	0.999001	0.999001
15.380000	0.000000	0.000000	0.999001	0.999001
15.390000	0.000000	0.000000	0.999001	0.999001
15.400000	0.000000	0.000000	0.999001	0.999001
15.410000	0.000000	0.000000	0.999001	0.999001
15.420000	0.000000	0.000000	0.999001	0.999001
15.430000	0.000000	0.000000	0.999001	0.999001
15.440000	0.000000	0.000000	0.999001	0.999001
15.450000	0.000000	0.000000	0.999001	0.999001
15.460000	0.000000	0.000000	0.999001	0.999001
15.470000	0.000000	0.000000	0.999001	0.999001
15.480000	0.000000	0.000000	0.999001	0.999001
15.490000	0.000000	0.000000	0.999001	0.999001
15.500000	0.000000	0.000000	0.999001	0.999001
15.510000	0.000000	0.000000	0.999001	0.999001
15.520000	0.000000	0.000000	0.999001	0.999001
15.530000	0.000000	0.000000	0.999001	0.999001
15.540000	0.000000	0.000000	0.999001	0.999001
15.550000	0.000000	0.000000	0.999001	0.999001
15.560000	0.000000	0.000000	0.999001	0.999001
15.570000	0.000000	0.000000	0.999001	0.999001
15.580000	0.000000	0.000000	0.999001	0.999001
15.590000	0.000000	0.000000	0.999001	0.999001
15.600000	0.000000	0.000000	0.999001	0.999001
15.610000	0.000000	0.000000	0.999001	0.999001
15.620000	0.000000	0.000000	0.999001	0.999001
15.630000	0.000000	0.000000	0.999001	0.999001
15.640000	0.000000	0.000000	0.999001	0.999001
15.650000	0.000000	0.000000	0.999001	0.999001
15.660000	0.000000	0.000000	0.999001	0.999001
15.670000	0.000000	0.000000	0.999001	0.999001
15.680000	0.000000	0.000000	0.999001	0.999001
15.690000	0.000000	0.000000	0.999001	0.999001
15.700000	0.000000	0.000000	0.999001	0.999001
15.710000	0.000000	0.000000	0.999001	0.999001
15.720000	0.000000	0.000000	0.999001	0.999001
15.730000	0.000000	0.000000	0.999001	0.999001
15.740000	0.000000	0.000000	0.999001	0.999001
15.750000	0.000000	0.000000	0.999001	0.999001
15.760000	0.000000	0.000000	0.999001	0.999001
15.770000	0.000000	0.000000	0.999001	0.999001
15.780000	0.000000	0.000000	0.999001	0.999001
15.790000	0.000000	0.000000	0.999001	0.999001
15.800000	0.000000	0.000000	0.999001	0.999001
15.810000	0.000000	0.000000	0.999001	0.999001
15.820000	0.000000	0.000000	0.999001	0.999001
15.830000	0.000000	0.000000	0.999001	0.999001
15.840000	0.000000	0.000000	0.999001	0.999001
15.850000	0.000000	0.000000	0.999001	0.999001
15.860000	0.000000	0.000000	0.999001	0.999001
15.870000	0.000000	0.000000	0.999001	0.999001
15.880000	0.000000	0.000000	0.999001	0.999001
15.890000	0.000000	0.000000	0.999001	0.999001
15.900000	0.000000	0.000000	0.999001	0.999001
15.910000	0.000000	0.000000	0.999001	0.999001
15.920000	0.000000	0.000000	0.999001	0.999001
15.930000	0.000000	0.000000	0.999001	0.999001
15.940000	0.000000	0.000000	0.999001	0.999001
15.950000	0.000000	0.000000	0.999001	0.999001
15.960000	0.000000	0.000000	0.999001	0.999001
15.970000	0.000000	0.000000	0.999001	0.999001
15.980000	0.000000	0.000000	0.999001	0.999001
15.990000	0.000000	0.000000	0.999001	0.999001
16.000000	0.000000	0.000000	0.999001	0.999001
16.010000	0.000000	0.000000	0.999001	0.999001
16.020000	0.000000	0.000000	0.999001	0.999001
16.030000	0.000000	0.000000	0.999001	0.999001
16.040000	0.000000	0.000000	0.999001	0.999001
16.050000	0.000000	0.000000	0.999001	0.999001
16.060000	0.000000	0.000000	0.999001	0.999001
16.070000	0.000000	0.000000	0.999001	0.999001
16.080000	0.000000	0.000000	0.999001	0.999001
16.090000	0.000000	0.000000	0.999001	0.999001
16.100000	0.000000	0.000000	0.999001	0.999001
16.110000	0.000000	0.000000	0.999001	0.999001
16.120000	0.000000	0.000000	0.999001	0.999001
16.130000	0.000000	0.000000	0.999001	0.999001
16.140000	0.000000	0.000000	0.999001	0.999001
16.150000	0.000000	0.000000	0.999001	0.999001
16.160000	0.000000	0.000000	0.999001	0.999001
16.170000	0.000000	0.000000	0.999001	0.999001
16.180000	0.000000	0.000000	0.999001	0.999001
16.190000	0.000000	0.000000	0.999001	0.999001
16.200000	0.000000	0.000000	0.999001	0.999001
16.210000	0.000000	0.000000	0.999001	0.999001
16.220000	0.000000	0.000000	0.999001	0.999001
16.230000	0.000000	0.000000	0.999001	0.999001
16.240000	0.000000	0.000000	0.999001	0.999001
16.250000	0.000000	0.000000	0.999001	0.999001
16.260000	0.000000	0.000000	0.999001	0.999001
16.270000	0.000000	0.000000	0.999001	0.999001
16.280000	0.000000	0.000000	0.999001	0.999001
16.290000	0.000000	0.000000	0.999001	0.999001
16.300000	0.000000	0.000000	0.999001	0.999001
16.310000	0.000000	0.000000	0.999001	0.999001
16.320000	0.000000	0.000000	0.999001	0.999001
16.330000	0.000000	0.000000	0.999001	0.999001
16.340000	0.000000	0.000000	0.999001	0.999001
16.350000	0.000000	0.000000	0.999001	0.999001
16.360000	0.000000	0.000000	0.999001	0.999001
16.370000	0.000000	0.000000	0.999001	0.999001
16.380000	0.000000	0.000000	0.999001	0.999001
16.390000	0.000000	0.000000	0.999001	0.999001
16.400000	0.000000	0.000000	0.999001	0.999001
16.410000	0.000000	0.000000	0.999001	0.999001
16.420000	0.000000	0.000000	0.999001	0.999001
16.430000	0.000000	0.000000	0.999001	0.999001
16.440000	0.000000	0.000000	0.999001	0.999001
16.450000	0.000000	0.000000	0.999001	0.999001
16.460000	0.000000	0.000000	0.999001	0.999001
16.470000	0.000000	0.000000	0.999001	0.999001
16.480000	0.000000	0.000000	0.999001	0.999001
16.490000	0.000000	0.000000	0.999001	0.999001
16.500000	0.000000	0.000000	0.999001	0.999001
16.510000	0.000000	0.000000	0.999001	0.999001
16.520000	0.000000	0.000000	0.999001	0.999001
16.530000	0.000000	0.000000	0.999001	0.999001
16.540000	0.000000	0.000000	0.999001	0.999001
16.550000	0.000000	0.000000	0.999001	0.999001
16.560000	0.000000	0.000000	0.999001	0.999001
16.570000	0.000000	0.000000	0.999001	0.999001
16.580000	0.000000	0.000000	0.999001	0.999001
16.590000	0.000000	0.000000	0.999001	0.999001
16.600000	0.000000	0.000000	0.999001	0.999001
16.610000	0.000000	0.000000	0.999001	0.999001
16.620000	0.000000	0.000000	0.999001	0.999001
16.630000	0.000000	0.000000	0.999001	0.999001
16.640000	0.000000	0.000000	0.999001	0.999001
16.650000	0.000000	0.000000	0.999001	0.999001
16.660000	0.000000	0.000000	0.999001	0.999001
16.670000	0.000000	0.000000	0.999001	0.999001
16.680000	0.000000	0.000000	0.999001	0.999001
16.690000	0.000000	0.000000	0.999001	0.999001
16.700000	0.000000	0.000000	0.999001	0.999001
16.710000	0.000000	0.000000	0.999001	0.999001
16.720000	0.000000	0.000000	0.999001	0.999001
16.730000	0.000000	0.000000	0.999001	0.999001
16.740000	0.000000	0.000000	0.999001	0.999001
16.750000	0.000000	0.000000	0.999001	0.999001
16.760000	0.000000	0.000000	0.999001	0.999001
16.770000	0.000000	0.000000	0.999001	0.999001
16.780000	0.000000	0.000000	0.999001	0.999001
16.790000	0.000000	0.000000	0.999001	0.999001
16.800000	0.000000	0.000000	0.999001	0.999001
16.810000	0.000000	0.000000	0.999001	0.999001
16.820000	0.000000	0.000000	0.999001	0.999001
16.830000	0.000000	0.000000	0.999001	0.999001
16.840000	0.000000	0.000000	0.999001	0.999001
16.850000	0.000000	0.000000	0.999001	0.999001
16.860000	0.000000	0.000000	0.999001	0.999001
16.870000	0.000000	0.000000	0.999001	0.999001
16.880000	0.000000	0.000000	0.999001	0.999001
16.890000	0.000000	0.000000	0.999001	0.999001
16.900000	0.000000	0.000000	0.999001	0.999001
16.910000	0.000000	0.000000	0.999001	0.999001
16.920000	0.000000	0.000000	0.999001	0.999001
16.930000	0.000000	0.000000	0.999001	0.999001
16.940000	0.000000	0.000000	0.999001	0.999001
16.950000	0.000000	0.000000	0.999001	0.999001
16.960000	0.000000	0.000000	0.999001	0.999001
16.970000	0.000000	0.000000	0.999001	0.999001
16.980000	0.000000	0.000000	0.999001	0.999001
16.990000	0.000000	0.000000	0.999001	0.999001
17.000000	0.000000	0.000000	0.999001	0.999001
17.010000	0.000000	0.000000	0.999001	0.999001
17.020000	0.000000	0.000000	0.999001	0.999001
17.030000	0.000000	0.000000	0.999001	0.999001
17.040000	0.000000	0.000000	0.999001	0.999001
17.050000	0.000000	0.000000	0.999001	0.999001
17.060000	0.000000	0.000000	0.999001	0.999001
17.070000	0.000000	0.000000	0.999001	0.999001
17.080000	0.000000	0.000000	0.999001	0.999001
17.090000	0.000000	0.000000	0.999001	0.999001
17.100000	0.000000	0.000000	0.999001	0.999001
17.110000	0.000000	0.000000	0.999001	0.999001
17.120000	0.000000	0.000000	0.999001	0.999001
17.130000	0.000000	0.000000	0.999001	0.999001
17.140000	0.000000	0.000000	0.999001	0.999001
17.150000	0.000000	0.000000	0.999001	0.999001
17.160000	0.000000	0.000000	0.999001	0.999001
17.170000	0.000000	0.000000	0.999001	0.999001
17.180000	0.000000	0.000000	0.999001	0.999001
17.190000	0.000000	0.000000	0.999001	0.999001
17.200000	0.000000	0.000000	0.999001	0.999001
17.210000	0.000000	0.000000	0.999001	0.999001
17.220000	0.000000	0.000000	0.999001	0.999001
17.230000	0.000000	0.000000	0.999001	0.999001
17.240000	0.000000	0.000000	0.999001	0.999001
17.250000	0.000000	0.000000	0.999001	0.999001
17.260000	0.000000	0.000000	0.999001	0.999001
17.270000	0.000000	0.000000	0.999001	0.999001
17.280000	0.000000	0.000000	0.999001	0.999001
17.290000	0.000000	0.000000	0.999001	0.999001
17.300000	0.000000	0.000000	0.999001	0.999001
17.310000	0.000000	0.000000	0.999001	0.999001
17.320000	0.000000	0.000000	0.999001	0.999001
17.330000	0.000000	0.000000	0.999001	0.999001
17.340000	0.000000	0.000000	0.999001	0.999001
17.350000	0.000000	0.000000	0.999001	0.999001
17.360000	0.000000	0.000000	0.999001	0.999001
17.370000	0.000000	0.000000	0.999001	0.999001
17.380000	0.000000	0.000000	0.999001	0.999001
17.390000	0.000000	0.000000	0.999001	0.999001
17.400000	0.000000	0.000000	0.999001	0.999001
17.410000	0.000000	0.000000	0.999001	0.999001
17.420000	0.000000	0.000000	0.999001	0.999001
17.430000	0.000000	0.000000	0.999001	0.999001
17.440000	0.000000	0.000000	0.999001	0.999001
17.450000	0.000000	0.000000	0.999001	0.999001
17.460000	0.000000	0.000000	0.999001	0.999001
17.470000	0.000000	0.000000	0.999001	0.999001
17.480000	0.000000	0.000000	0.999001	0.999001
17.490000	0.000000	0.000000	0.999001	0.999001
17.500000	0.000000	0.000000	0.999001	0.999001
17.510000	0.000000	0.000000	0.999001	0.999001
17.520000	0.000000	0.000000	0.999001	0.999001
17.530000	0.000000	0.000000	0.999001	0.999001
17.540000	0.000000	0.000000	0.999001	0.999001
17.550000	0.000000	0.000000	0.999001	0.999001
17.560000	0.000000	0.000000	0.999001	0.999001
17.570000	0.000000	0.000000	0.999001	0.999001
17.580000	0.000000	0.000000	0.999001	0.999001
17.590000	0.000000	0.000000	0.999001	0.999001
17.600000	0.000000	0.000000	0.999001	0.999001
17.610000	0.000000	0.000000	0.999001	0.999001
17.620000	0.000000	0.000000	0.999001	0.999001
17.630000	0.000000	0.000000	0.999001	0.999001
17.640000	0.000000	0.000000	0.999001	0.999001
17.650000	0.000000	0.000000	0.999001	0.999001
17.660000	0.000000	0.000000	0.999001	0.999001
17.670000	0.000000	0.000000	0.999001	0.999001
17.680000	0.000000	0.000000	0.999001	0.999001
17.690000	0.000000	0.000000	0.999001	0.999001
17.700000	0.000000	0.000000	0.999001	0.999001
17.710000	0.000000	0.000000	0.999001	0.999001
17.720000	0.000000	0.000000	0.999001	0.999001
17.730000	0.000000	0.000000	0.999001	0.999001
17.740000	0.000000	0.000000	0.999001	0.999001
17.750000	0.000000	0.000000	0.999001	0.999001
17.760000	0.000000	0.000000	0.999001	0.999001
17.770000	0.000000	0.000000	0.999001	0.999001
17.780000	0.000000	0.000000	0.999001	0.999001
17.790000	0.000000	0.000000	0.999001	0.999001
17.800000	0.000000	0.000000	0.999001	0.999001
17.810000	0.000000	0.000000	0.999001	0.999001
17.820000	0.000000	0.000000	0.999001	0.999001
17.830000	0.000000	0.000000	0.999001	0.999001
17.840000	0.000000	0.000000	0.999001	0.999001
17.850000	0.000000	0.000000	0.999001	0.999001
17.860000	0.000000	0.000000	0.999001	0.999001
17.870000	0.000000	0.000000	0.999001	0.999001
17.880000	0.000000	0.000000	0.999001	0.999001
17.890000	0.000000	0.000000	0.999001	0.999001
17.900000	0.000000	0.000000	0.999001	0.999001
17.910000	0.000000	0.000000	0.999001	0.999001
17.920000	0.000000	0.000000	0.999001	0.999001
17.930000	0.000000	0.000000	0.999001	0.999001
17.940000	0.000000	0.000000	0.999001	0.999001
17.950000	0.000000	0.000000	0.999001	0.999001
17.960000	0.000000	0.000000	0.999001	0.999001
17.970000	0.000000	0.000000	0.999001	0.999001
17.980000	0.000000	0.000000	0.999001	0.999001
17.990000	0.000000	0.000000	0.999001	0.999001
18.000000	0.000000	0.000000	0.999001	0.999001
18.010000	0.000000	0.000000	0.999001	0.999001
18.020000	0.000000	0.000000	0.999001	0.999001
18.030000	0.000000	0.000000	0.999001	0.999001
18.040000	0.000000	0.000000	0.999001	0.999001
18.050000	0.000000	0.000000	0.999001	0.999001
18.060000	0.000000	0.000000	0.999001	0.999001
18.070000	0.000000	0.000000	0.999001	0.999001
18.080000	0.000000	0.000000	0.999001	0.999001
18.090000	0.000000	0.000000	0.999001	0.999001
18.100000	0.000000	0.000000	0.999001	0.999001
18.110000	0.000000	0.000000	0.999001	0.999001
18.120000	0.000000	0.000000	0.999001	0.999001
18.130000	0.000000	0.000000	0.999001	0.999001
18.140000	0.000000	0.000000	0.999001	0.999001
18.150000	0.000000	0.000000	0.999001	0.999001
18.160000	0.000000	0.000000	0.999001	0.999001
18.170000	0.000000	0.000000	0.999001	0.999001
18.180000	0.000000	0.000000	0.999001	0.999001
18.190000	0.000000	0.000000	0.999001	0.999001
18.200000	0.000000	0.000000	0.999001	0.999001
18.210000	0.000000	0.000000	0.999001	0.999001
18.220000	0.000000	0.000000	0.999001	0.999001
18.230000	0.000000	0.000000	0.999001	0.999001
18.240000	0.000000	0.000000	0.999001	0.999001
18.250000	0.000000	0.000000	0.999001	0.999001
18.260000	0.000000	0.000000	0.999001	0.999001
18.270000	0.000000	0.000000	0.999001	0.999001
18.280000	0.000000	0.000000	0.999001	0.999001
18.290000	0.000000	0.000000	0.999001	0.999001
18.300000	0.000000	0.000000	0.999001	0.999001
18.310000	0.000000	0.000000	0.999001	0.999001
18.320000	0.000000	0.000000	0.999001	0.999001
18.330000	0.000000	0.000000	0.999001	0.999001
18.340000	0.000000	0.000000	0.999001	0.999001
18.350000	0.000000	0.000000	0.999001	0.999001
18.360000	0.000000	0.000000	0.999001	0.999001
18.370000	0.000000	0.000000	0.999001	0.999001
18.380000	0.000000	0.000000	0.999001	0.999001
18.390000	0.000000	0.000000	0.999001	0.999001
18.400000	0.000000	0.000000	0.999001	0.999001
18.410000	0.000000	0.000000	0.999001	0.999001
18.420000	0.000000	0.000000	0.999001	0.999001
18.430000	0.000000	0.000000	0.999001	0.999001
18.440000	0.000000	0.000000	0.999001	0.999001
18.450000	0.000000	0.000000	0.999001	0.999001
18.460000	0.000000	0.000000	0.999001	0.999001
18.470000	0.000000	0.000000	0.999001	0.999001
18.480000	0.000000	0.000000	0.999001	0.999001
18.490000	0.000000	0.000000	0.999001	0.999001
18.500000	0.000000	0.000000	0.999001	0.999001
18.510000	0.000000	0.000000	0.999001	0.999001
18.520000	0.000000	0.000000	0.999001	0.999001
18.530000	0.000000	0.000000	0.999001	0.999001
18.540000	0.000000	0.000000	0.999001	0.999001
18.550000	0.000000	0.000000	0.999001	0.999001
18.560000	0.000000	0.000000	0.999001	0.999001
18.570000	0.000000	0.000000	0.999001	0.999001
18.580000	0.000000	0.000000	0.999001	0.999001
18.590000	0.000000	0.000000	0.999001	0.999001
18.600000	0.000000	0.000000	0.999001	0.999001
18.610000	0.000000	0.000000	0.999001	0.999001
18.620000	0.000000	0.000000	0.999001	0.999001
18.630000	0.000000	0.000000	0.999001	0.999001
18.640000	0.000000	0.000000	0.999001	0.999001
18.650000	0.000000	0.000000	0.999001	0.999001
18.660000	0.000000	0.000000	0.999001	0.999001
18.670000	0.000000	0.000000	0.999001	0.999001
18.680000	0.000000	0.000000	0.999001	0.999001
18.690000	0.000000	0.000000	0.999001	0.999001
18.700000	0.000000	0.000000	0.999001	0.999001
18.710000	0.000000	0.000000	0.999001	0.999001
18.720000	0.000000	0.000000	0.999001	0.999001
18.730000	0.000000	0.000000	0.999001	0.999001
18.740000	0.000000	0.000000	0.999001	0.999001
18.750000	0.000000	0.000000	0.999001	0.999001
18.760000	0.000000	0.000000	0.999001	0.999001
18.770000	0.000000	0.000000	0.999001	0.999001
18.780000	0.000000	0.000000	0.999001	0.999001
18.790000	0.000000	0.000000	0.999001	0.999001
18.800000	0.000000	0.000000	0.999001	0.999001
18.810000	0.000000	0.000000	0.999001	0.999001
18.820000	0.000000	0.000000	0.999001	0.999001
18.830000	0.000000	0.000000	0.999001	0.999001
18.840000	0.000000	0.000000	0.999001	0.999001
18.850000	0.000000	0.000000	0.999001	0.999001
18.860000	0.000000	0.000000	0.999001	0.999001
18.870000	0.000000	0.000000	0.999001	0.999001
18.880000	0.000000	0.000000	0.999001	0.999001
18.890000	0.000000	0.000000	0.999001	0.999001
18.900000	0.000000	0.000000	0.999001	0.999001
18.910000	0.000000	0.000000	0.999001	0.999001
18.920000	0.000000	0.000000	0.999001	0.999001
18.930000	0.000000	0.000000	0.999001	0.999001
18.940000	0.000000	0.000000	0.999001	0.999001
18.950000	0.000000	0.000000	0.999001	0.999001
18.960000	0.000000	0.000000	0.999001	0.999001
18.970000	0.000000	0.000000	0.999001	0.999001
18.980000	0.000000	0.000000	0.999001	0.999001
18.990000	0.000000	0.000000	0.999001	0.999001
19.000000	0.000000	0.000000	0.999001	0.999001
